0,0
0.01,0
0.02,0
0.03,0
0.04,0
0.05,0
0.06,0
0.07,0
0.08,0
0.09,0
0.1,0
0.11,0
0.12,0
0.13,0
0.14,0
0.15,0
0.16,0
0.17,0
0.18,0
0.19,0
0.2,0
0.21,0
0.22,0
0.23,0
0.24,0
0.25,0
0.26,0
0.27,0
0.28,0
0.29,0
0.3,0
0.31,0
0.32,0
0.33,0
0.34,0
0.35,0
0.36,0
0.37,0
0.38,0
0.39,0
0.4,0
0.41,0
0.42,0
0.43,0
0.44,0
0.45,0
0.46,0
0.47,0
0.48,0
0.49,0
0.5,0
0.51,0
0.52,0
0.53,0
0.54,0
0.55,0
0.56,0
0.57,0
0.58,0
0.59,0
0.6,0
0.61,0
0.62,0
0.63,0
0.64,0
0.65,0
0.66,0
0.67,0
0.68,0
0.69,0
0.7,0
0.71,0
0.72,0
0.73,0
0.74,0
0.75,0
0.76,0
0.77,0
0.78,0
0.79,0
0.8,0
0.81,0
0.82,0
0.83,0
0.84,0
0.85,0
0.86,0
0.87,0
0.88,0
0.89,0
0.9,0
0.91,0
0.92,0
0.93,0
0.94,0
0.95,0
0.96,0
0.97,0
0.98,0
0.99,0
1,0
1.01,0
1.02,0
1.03,0
1.04,0
1.05,0
1.06,0
1.07,0
1.08,0
1.09,0
1.1,0
1.11,0
1.12,0
1.13,0
1.14,0
1.15,0
1.16,0
1.17,0
1.18,0
1.19,0
1.2,0
1.21,0
1.22,0
1.23,0
1.24,0
1.25,0
1.26,0
1.27,0
1.28,0
1.29,0
1.3,0
1.31,0
1.32,0
1.33,0
1.34,0
1.35,0
1.36,0
1.37,0
1.38,0
1.39,0
1.4,0
1.41,0
1.42,0
1.43,0
1.44,0
1.45,0
1.46,0
1.47,0
1.48,0
1.49,0
1.5,0
1.51,0
1.52,0
1.53,0
1.54,0
1.55,0
1.56,0
1.57,0
1.58,0
1.59,0
1.6,0
1.61,0
1.62,0
1.63,0
1.64,0
1.65,0
1.66,0
1.67,0
1.68,0
1.69,0
1.7,0
1.71,0
1.72,0
1.73,0
1.74,0
1.75,0
1.76,0
1.77,0
1.78,0
1.79,0
1.8,0
1.81,0
1.82,0
1.83,0
1.84,0
1.85,0
1.86,0
1.87,0
1.88,0
1.89,0
1.9,0
1.91,0
1.92,0
1.93,0
1.94,0
1.95,0
1.96,0
1.97,0
1.98,0
1.99,0
2,-6.27314947042101e-08
2.01,-4.24917777805272e-07
2.02,-2.99209818571384e-06
2.03,-1.98252761736316e-05
2.04,-9.03531281737351e-05
2.05,-0.000292185697045734
2.06,-0.000730662707828873
2.07,-0.00151888413073478
2.08,-0.0027667268478296
2.09,-0.00456902788111807
2.1,-0.00697162271136309
2.11,-0.00992915226622078
2.12,-0.0132938351163649
2.13,-0.0168376265529048
2.14,-0.0202744051633409
2.15,-0.0232764315975694
2.16,-0.025510671220265
2.17,-0.0267009413292576
2.18,-0.0266881037177038
2.19,-0.0254572107018364
2.2,-0.0231250286388905
2.21,-0.0199005742615454
2.22,-0.0160306285773285
2.23,-0.0117411076308853
2.24,-0.0071954071504944
2.25,-0.00249861650501276
2.26,0.00224319821617735
2.27,0.00684449023974406
2.28,0.0109984690868477
2.29,0.0142941231488121
2.3,0.0162686108817408
2.31,0.0164646374909314
2.32,0.0144863429133098
2.33,0.0100644264668909
2.34,0.00313895771052677
2.35,-0.00605147292030654
2.36,-0.0169178875775921
2.37,-0.0285532523168392
2.38,-0.0398430779102019
2.39,-0.0495985689674895
2.4,-0.056669064854182
2.41,-0.0600386381522453
2.42,-0.0589388386646842
2.43,-0.0529879244030049
2.44,-0.0423128693825624
2.45,-0.0275803868776546
2.46,-0.00989719106051795
2.47,0.00938795680602339
2.48,0.0288938610814222
2.49,0.047343505739524
2.5,0.0636064871551965
2.51,0.0766957738277443
2.52,0.0857685163071594
2.53,0.0901431479264489
2.54,0.0893384004066053
2.55,0.0831321934808372
2.56,0.0716056324724961
2.57,0.0551426973793935
2.58,0.0344040686539411
2.59,0.0103125787913489
2.6,-0.0159404401239477
2.61,-0.0428936932169183
2.62,-0.0688561490287251
2.63,-0.0920132375509856
2.64,-0.110599258171963
2.65,-0.123103271755162
2.66,-0.128450890451333
2.67,-0.126116967102357
2.68,-0.116161090361747
2.69,-0.0992020780042712
2.7,-0.0763491482849168
2.71,-0.0490950443099424
2.72,-0.0191700719180702
2.73,0.0116271797408056
2.74,0.041583084576073
2.75,0.0691688030338882
2.76,0.0930805659583327
2.77,0.112244705544989
2.78,0.125811368553747
2.79,0.133144607162332
2.8,0.133823629425141
2.81,0.127684114765031
2.82,0.114902451079734
2.83,0.0960775537135241
2.84,0.0722558862444964
2.85,0.0448870392111278
2.86,0.0157358384025918
2.87,-0.0132267223682644
2.88,-0.0399442360326793
2.89,-0.0623933595056994
2.9,-0.0786998701536145
2.91,-0.0872807517859945
2.92,-0.08702443325368
2.93,-0.0774676158199867
2.94,-0.0589054601963342
2.95,-0.0323948170579567
2.96,0.000360580312721634
2.97,0.0372156245704079
2.98,0.0758048350461908
2.99,0.113713170196225
3,0.148601928587414
3.01,0.178327727440098
3.02,0.201066443526483
3.03,0.215436271160544
3.04,0.220608085208492
3.05,0.216370631370554
3.06,0.203113772266835
3.07,0.181732395612433
3.08,0.153502813594412
3.09,0.119988450621624
3.1,0.0829832453790054
3.11,0.0444530983919364
3.12,0.00643764027330263
3.13,-0.0290842770572158
3.14,-0.0603265029851887
3.15,-0.0857926902052865
3.16,-0.104342669371186
3.17,-0.115246475287692
3.18,-0.118228372779314
3.19,-0.113488883434577
3.2,-0.101690457874157
3.21,-0.0839029376082586
3.22,-0.0615188836909286
3.23,-0.0361438756847154
3.24,-0.00945463614235647
3.25,0.0169737534135292
3.26,0.041846078246096
3.27,0.0642857834957235
3.28,0.0838886892255279
3.29,0.10066974967998
3.3,0.114922256400123
3.31,0.127048318729989
3.32,0.137425213548289
3.33,0.146330599077817
3.34,0.15390470930898
3.35,0.160123947426835
3.36,0.164783217388768
3.37,0.167504938342022
3.38,0.167792564409153
3.39,0.165118800261045
3.4,0.159019369262179
3.41,0.149186015240159
3.42,0.135575824431796
3.43,0.118523417879604
3.44,0.0987968504236533
3.45,0.0775539719500943
3.46,0.0562195687477524
3.47,0.0363325737329653
3.48,0.0193836217027724
3.49,0.00663761043683732
3.5,-0.00104463688287857
3.51,-0.00334404193561335
3.52,-0.000544664162783635
3.53,0.00649364960564294
3.54,0.0164520943777094
3.55,0.0277464374186746
3.56,0.0387449712518313
3.57,0.0479276221883691
3.58,0.0539490498282549
3.59,0.0556631041763436
3.6,0.0521839644805375
3.61,0.0429797200181864
3.62,0.0279364156416583
3.63,0.00735205298558036
3.64,-0.0181342321183613
3.65,-0.0476446957494544
3.66,-0.0801598152680581
3.67,-0.114592680241384
3.68,-0.149843804652913
3.69,-0.184830676960622
3.7,-0.218478624529296
3.71,-0.249685537192104
3.72,-0.277300337327133
3.73,-0.300147761783864
3.74,-0.317106575870363
3.75,-0.327222234841161
3.76,-0.329812855440404
3.77,-0.324534025146323
3.78,-0.311407192236221
3.79,-0.290838205237241
3.8,-0.263625575770533
3.81,-0.230921659475376
3.82,-0.194117719832702
3.83,-0.154670556002238
3.84,-0.113927485397461
3.85,-0.0730168036653323
3.86,-0.0328489498563634
3.87,0.00578858549110214
3.88,0.0421234521264073
3.89,0.0753537439049037
3.9,0.104669264872436
3.91,0.129284988400761
3.92,0.148456616256604
3.93,0.16150245136821
3.94,0.167853590125299
3.95,0.167119049537995
3.96,0.159154029431805
3.97,0.144138767138776
3.98,0.122666153448377
3.99,0.0958089444490351
4,0.0651293048949684
4.01,0.032618637182063
4.02,0.000578578264448263
4.03,-0.0285515052189789
4.04,-0.0524095045058017
4.05,-0.0689257335341399
4.06,-0.0764974398302699
4.07,-0.0741258677508259
4.08,-0.0615352673246556
4.09,-0.0392602559000648
4.1,-0.00866694114110492
4.11,0.0281070724757128
4.12,0.0682922342311168
4.13,0.108704452821241
4.14,0.146021407901556
4.15,0.177083849341178
4.16,0.1991968120723
4.17,0.210392436570768
4.18,0.20958558340642
4.19,0.196580249703637
4.2,0.171963181408511
4.21,0.136965672677329
4.22,0.0933543751430405
4.23,0.0433680874953669
4.24,-0.0103175107545358
4.25,-0.0646428581146015
4.26,-0.116294621186941
4.27,-0.161946843296938
4.28,-0.198590367358895
4.29,-0.223883099886133
4.3,-0.236434637309885
4.31,-0.235940937972674
4.32,-0.223133708633912
4.33,-0.199593971768776
4.34,-0.167513296018087
4.35,-0.129445200493921
4.36,-0.0880633486884039
4.37,-0.0459688955134221
4.38,-0.00559232835171018
4.39,0.0308229751537441
4.4,0.0612243726377299
4.41,0.083800156324724
4.42,0.0970793997500483
4.43,0.100039481893487
4.44,0.0921754345676172
4.45,0.0735151702166209
4.46,0.0445989113614904
4.47,0.00645442740469276
4.48,-0.0394195991511355
4.49,-0.0910895128008745
4.5,-0.146272889063559
4.51,-0.202456887124323
4.52,-0.257009814906847
4.53,-0.307287693070184
4.54,-0.350772228249739
4.55,-0.385262431177785
4.56,-0.409091092998484
4.57,-0.421293218848301
4.58,-0.421673750129505
4.59,-0.410783107653644
4.6,-0.38982898877185
4.61,-0.360538348557252
4.62,-0.32498950637642
4.63,-0.285440912872337
4.64,-0.244164318726407
4.65,-0.203279459028091
4.66,-0.164603065550023
4.67,-0.129543430990848
4.68,-0.099069494677069
4.69,-0.0737497445010947
4.7,-0.0538106984483947
4.71,-0.0391628336567272
4.72,-0.0293951011660977
4.73,-0.0237809176680228
4.74,-0.0213298999156986
4.75,-0.0208870121399234
4.76,-0.0212515459919233
4.77,-0.0212841265750582
4.78,-0.019992260191675
4.79,-0.0165977429278954
4.8,-0.0105764441295388
4.81,-0.00165192335478955
4.82,0.0102540445382802
4.83,0.0250829479043348
4.84,0.0426873986552644
4.85,0.0628611598505282
4.86,0.0853514958552628
4.87,0.109848710906339
4.88,0.135945405623772
4.89,0.163067238071811
4.9,0.190403507181766
4.91,0.216888118885996
4.92,0.24126871077394
4.93,0.262249464027053
4.94,0.278644065258668
4.95,0.289480245799255
4.96,0.294041495162229
4.97,0.291870353450096
4.98,0.282770454573456
4.99,0.266821598010464
5,0.244396986602725
5.01,0.216182728423261
5.02,0.183200561869614
5.03,0.14680166670896
5.04,0.108602738110921
5.05,0.0703760731748956
5.06,0.0339071866421795
5.07,0.000819200540412455
5.08,-0.0276043783158247
5.09,-0.0505366493150417
5.1,-0.0676387104649696
5.11,-0.0790332535673489
5.12,-0.0852443781546719
5.13,-0.0870955528359825
5.14,-0.0855711395188132
5.15,-0.081691428284762
5.16,-0.0764441384475251
5.17,-0.070753915522394
5.18,-0.0654403018626982
5.19,-0.0611432261965012
5.2,-0.0582291543052362
5.21,-0.0567024635217068
5.22,-0.0561560838592527
5.23,-0.0558026103119466
5.24,-0.0546084425069978
5.25,-0.0515054081370817
5.26,-0.0456056102034454
5.27,-0.0363438557643879
5.28,-0.0235301231268942
5.29,-0.00735713754361903
5.3,0.0115858389326353
5.31,0.0322969994052576
5.32,0.0534055254649307
5.33,0.0733173765022058
5.34,0.0904194728303888
5.35,0.103262910096948
5.36,0.110706406472568
5.37,0.112053613995112
5.38,0.107189374735218
5.39,0.09665875812129
5.4,0.0816134586914287
5.41,0.0636050042291547
5.42,0.0442942669580864
5.43,0.0251910516589512
5.44,0.00750911341399877
5.45,-0.00784624759763035
5.46,-0.0202138113519957
5.47,-0.0291240700855702
5.48,-0.0343065057907213
5.49,-0.035735777044685
5.5,-0.0336773080525934
5.51,-0.0287148775107685
5.52,-0.021749578856896
5.53,-0.0139507596658093
5.54,-0.00664878207053276
5.55,-0.00118605256656589
5.56,0.00123908773077591
5.57,-0.000293757452233955
5.58,-0.0063271780628825
5.59,-0.0169712758787245
5.6,-0.0319193857829205
5.61,-0.050547582758272
5.62,-0.0720716729024779
5.63,-0.0957090192477315
5.64,-0.120791927145278
5.65,-0.146790265619415
5.66,-0.173232535216005
5.67,-0.199572715781929
5.68,-0.225086024117352
5.69,-0.248850479564955
5.7,-0.26981345431698
5.71,-0.286896376792179
5.72,-0.299089117588862
5.73,-0.305531757537831
5.74,-0.30561041154518
5.75,-0.299063543889394
5.76,-0.28605607916916
5.77,-0.267190911808587
5.78,-0.243476482042646
5.79,-0.21628161635479
5.8,-0.187273110772525
5.81,-0.158315229126749
5.82,-0.13132255153853
5.83,-0.108064469098254
5.84,-0.0899392608105203
5.85,-0.0777683938842236
5.86,-0.0716681501610195
5.87,-0.0710415167088987
5.88,-0.074714629036925
5.89,-0.0811959166834522
5.9,-0.0889723238988727
5.91,-0.0967403759161868
5.92,-0.103522968102141
5.93,-0.108686238396522
5.94,-0.111893377390097
5.95,-0.113023563209086
5.96,-0.112071652144715
5.97,-0.10905072529057
5.98,-0.103937878965181
5.99,-0.0966847686847051
6,-0.0872652358782278
6.01,-0.0757212646141319
6.02,-0.0621911163311777
6.03,-0.0469110360859205
6.04,-0.0301923731063331
6.05,-0.0124048780149307
6.06,0.00600176616676872
6.07,0.0244448645877147
6.08,0.0421552543324536
6.09,0.05814173787181
6.1,0.0711863787248297
6.11,0.079902033487059
6.12,0.0828778458149591
6.13,0.0788975016734403
6.14,0.0671794983156643
6.15,0.0475752055949789
6.16,0.0206688535887053
6.17,-0.0122430170525672
6.18,-0.0492724214283094
6.19,-0.0881130777721385
6.2,-0.126222081454493
6.21,-0.161003135797459
6.22,-0.190015997735475
6.23,-0.211219264040382
6.24,-0.2231997360984
6.25,-0.225318285224688
6.26,-0.217739908415375
6.27,-0.201358155203211
6.28,-0.177633242105781
6.29,-0.14837417954503
6.3,-0.11551393561283
6.31,-0.0809217754999585
6.32,-0.0462731051161673
6.33,-0.0129773117303982
6.34,0.0178430054338166
6.35,0.0453281490207398
6.36,0.0688226560708173
6.37,0.0878030647905294
6.38,0.10183359576311
6.39,0.110595938721122
6.4,0.113995658222348
6.41,0.112285527294586
6.42,0.106135517318168
6.43,0.0966281679361571
6.44,0.0852025312437135
6.45,0.0735589699405017
6.46,0.063506061142485
6.47,0.0567554390271116
6.48,0.0547275059811163
6.49,0.058422645758424
6.5,0.0683456629881842
6.51,0.0844502460123591
6.52,0.106119808882572
6.53,0.13223306594586
6.54,0.16131704587784
6.55,0.191723758396797
6.56,0.221771791302533
6.57,0.249856285093687
6.58,0.274549883156275
6.59,0.294678893610175
6.6,0.309348480601259
6.61,0.317927591347312
6.62,0.320023199428759
6.63,0.315457084618502
6.64,0.304248109757733
6.65,0.28661344539812
6.66,0.263000785677707
6.67,0.234130114878864
6.68,0.201006748879301
6.69,0.164901581515658
6.7,0.127318903469994
6.71,0.0899483181431315
6.72,0.0545738870073681
6.73,0.0229228108267271
6.74,-0.00353314624267566
6.75,-0.0237713762304365
6.76,-0.0373391074264416
6.77,-0.0443662138167136
6.78,-0.0454893654138153
6.79,-0.0417286114268845
6.8,-0.0343388417374842
6.81,-0.0246408283510166
6.82,-0.0138545605511514
6.83,-0.00298858284191576
6.84,0.00717323076803386
6.85,0.0160062924265297
6.86,0.022972112146433
6.87,0.0276137149874705
6.88,0.0296495240721022
6.89,0.029111108207874
6.9,0.0264154039206378
6.91,0.0223031189488838
6.92,0.0176762343233702
6.93,0.0134315855631189
6.94,0.0103652832506793
6.95,0.00914382445600028
6.96,0.0102807601246289
6.97,0.0140771313998212
6.98,0.0205456679945385
6.99,0.0293732377467657
7,0.0399554354346917
7.01,0.0514862103701845
7.02,0.0630571525483536
7.03,0.0737332529014224
7.04,0.0825979752936776
7.05,0.0887852430085047
7.06,0.0915244960001641
7.07,0.090203409050167
7.08,0.0844343424072204
7.09,0.0741162274627533
7.1,0.0594772038848784
7.11,0.0410713768722964
7.12,0.0197319237957486
7.13,-0.00348344907426351
7.14,-0.027343106848179
7.15,-0.0505197099092087
7.16,-0.071716609595027
7.17,-0.0898201935203262
7.18,-0.104043025035637
7.19,-0.114033313294588
7.2,-0.119930106988961
7.21,-0.122343418462907
7.22,-0.122243223429774
7.23,-0.12076070921829
7.24,-0.11894831321813
7.25,-0.117582950565405
7.26,-0.117079116759919
7.27,-0.117513264076987
7.28,-0.118717716810968
7.29,-0.120409136884771
7.3,-0.1223262881527
7.31,-0.124333124840199
7.32,-0.126433857257622
7.33,-0.128693957208947
7.34,-0.131128837611796
7.35,-0.133627939143156
7.36,-0.135932797501439
7.37,-0.13766055721784
7.38,-0.138372455502902
7.39,-0.137679949887733
7.4,-0.13535594752303
7.41,-0.131418231663968
7.42,-0.126171041840149
7.43,-0.120192361762925
7.44,-0.114252904508297
7.45,-0.109173850096482
7.46,-0.105660612082097
7.47,-0.10416647458375
7.48,-0.10482170378066
7.49,-0.107421168227835
7.5,-0.111449960472422
7.51,-0.116141766027023
7.52,-0.12056253521251
7.53,-0.123702038551885
7.54,-0.124565346143426
7.55,-0.122272422712009
7.56,-0.116174879461647
7.57,-0.105976795419267
7.58,-0.091821189457071
7.59,-0.074308211142242
7.6,-0.0544394625067232
7.61,-0.0335083686646724
7.62,-0.0129760033117666
7.63,0.00563312263453022
7.64,0.0208213949289302
7.65,0.0312230574713874
7.66,0.0357291070095134
7.67,0.0336118642959434
7.68,0.0246185708432222
7.69,0.00899980321450079
7.7,-0.0125431922191722
7.71,-0.0389684084974073
7.72,-0.0690088731067385
7.73,-0.101249530340247
7.74,-0.134150576077917
7.75,-0.166039700988887
7.76,-0.195125256487243
7.77,-0.21957571728856
7.78,-0.237665002220157
7.79,-0.24794734910899
7.8,-0.249421229693748
7.81,-0.241642077128315
7.82,-0.224752668971067
7.83,-0.19943622101244
7.84,-0.166830753572662
7.85,-0.128443869098408
7.86,-0.0860868230652315
7.87,-0.041820104648728
7.88,0.00212279606545042
7.89,0.0434600352750471
7.9,0.0800150863987757
7.91,0.109855873757874
7.92,0.1314037772782
7.93,0.143528823332002
7.94,0.145650495960899
7.95,0.137841323942572
7.96,0.12089491954086
7.97,0.0963102416031388
7.98,0.0661816145743437
7.99,0.0330238680521705
8,-0.000438902683125445
8.01,-0.0315053845237855
8.02,-0.0577282912719042
8.03,-0.0771144914109765
8.04,-0.08826342239774
8.05,-0.0904262036389364
8.06,-0.0834982335069573
8.07,-0.0679786078523752
8.08,-0.0449206044048457
8.09,-0.0158668477740895
8.1,0.0172645387077187
8.11,0.0523538612288004
8.12,0.0872619186153747
8.13,0.119955383113939
8.14,0.14857045078405
8.15,0.171458107460139
8.16,0.187245552159405
8.17,0.19491496084318
8.18,0.193879029845408
8.19,0.184032521775589
8.2,0.165770711593401
8.21,0.139973859934925
8.22,0.107951977446548
8.23,0.071338766166507
8.24,0.0319459935119561
8.25,-0.00838031493740523
8.26,-0.0478680937448691
8.27,-0.0848859397423279
8.28,-0.117984738185728
8.29,-0.145952088683185
8.3,-0.167899844686599
8.31,-0.183341671547101
8.32,-0.192203321073639
8.33,-0.194776377960546
8.34,-0.191677441312812
8.35,-0.183845010771853
8.36,-0.172548991118765
8.37,-0.159367414381465
8.38,-0.146092204680976
8.39,-0.134540589166466
8.4,-0.12630075393008
8.41,-0.122507239896371
8.42,-0.123724795215298
8.43,-0.129926510441735
8.44,-0.140510590328018
8.45,-0.154344163017638
8.46,-0.169866112168317
8.47,-0.185272941515214
8.48,-0.198767843397335
8.49,-0.208810429264218
8.5,-0.214301829220966
8.51,-0.214677513555002
8.52,-0.209915806201879
8.53,-0.200473920312466
8.54,-0.18715596529585
8.55,-0.170933106122565
8.56,-0.152758701764372
8.57,-0.133424422333207
8.58,-0.113496457313497
8.59,-0.0933395974133946
8.6,-0.0731790491261336
8.61,-0.0531417539024474
8.62,-0.0332837557522208
8.63,-0.0136468945876287
8.64,0.00565541723854257
8.65,0.0243699196441225
8.66,0.0420881153334751
8.67,0.0582776302626546
8.68,0.0723222653687786
8.69,0.0835402930098548
8.7,0.0911927989886876
8.71,0.0945143873677747
8.72,0.0927883438851683
8.73,0.0854773220759294
8.74,0.0723890588169865
8.75,0.0538152112142554
8.76,0.0305918360492908
8.77,0.00407534508458558
8.78,-0.0239576415067434
8.79,-0.0514833356134741
8.8,-0.0764519436861464
8.81,-0.0970028801955356
8.82,-0.111636857064956
8.83,-0.119353881178057
8.84,-0.119767607042498
8.85,-0.113166032509514
8.86,-0.100485839014188
8.87,-0.0832112438660736
8.88,-0.0632270693072979
8.89,-0.0426334112719728
8.9,-0.023518299353813
8.91,-0.00770359350175998
8.92,0.00349654599120811
8.93,0.00945088053709198
8.94,0.0102734625412253
8.95,0.00675586310326143
8.96,0.000176967744950883
8.97,-0.00798125847746742
8.98,-0.0163415925297968
8.99,-0.0238591411522247
9,-0.0298994050721823
9.01,-0.0341821786922066
9.02,-0.0366643325128817
9.03,-0.0374301025564137
9.04,-0.036616636493747
9.05,-0.0343641729216334
9.06,-0.0307700851530825
9.07,-0.0258443939218437
9.08,-0.0194865150178579
9.09,-0.0115035368107861
9.1,-0.00166557252627411
9.11,0.0102309873199758
9.12,0.0243210225309765
9.13,0.0406541998514359
9.14,0.0591825783025367
9.15,0.0797345323041364
9.16,0.101996427695373
9.17,0.125531618680076
9.18,0.149822728131697
9.19,0.174304292451527
9.2,0.198377467391356
9.21,0.22140903084108
9.22,0.242716380491921
9.23,0.261557747675006
9.24,0.277153303204715
9.25,0.288733392707092
9.26,0.295583291276847
9.27,0.297076875546687
9.28,0.292730418616511
9.29,0.282290915530007
9.3,0.265827269596225
9.31,0.243789611614658
9.32,0.217022702208246
9.33,0.186719940733189
9.34,0.154310544981398
9.35,0.121302156894766
9.36,0.0891228118055307
9.37,0.0590091148801711
9.38,0.0319811321188695
9.39,0.00891142583119296
9.4,-0.00936175551869111
9.41,-0.0219593528711106
9.42,-0.0279884271933873
9.43,-0.0266835228568274
9.44,-0.0176109036197419
9.45,-0.000842465394599051
9.46,0.0229727396054357
9.47,0.0526443208812602
9.48,0.0865459045840525
9.49,0.122759553560607
9.5,0.159242849504651
9.51,0.193996422188573
9.52,0.225199517919605
9.53,0.251285793435069
9.54,0.270965390652473
9.55,0.283241770009873
9.56,0.287460496155956
9.57,0.283364846736754
9.58,0.271112749169927
9.59,0.251255955415165
9.6,0.224712736943483
9.61,0.19274849878786
9.62,0.156960368204466
9.63,0.119251932628012
9.64,0.0817692620749025
9.65,0.0467757093801133
9.66,0.0164833102956284
9.67,-0.0071158884904099
9.68,-0.0223935228367867
9.69,-0.0282075028744159
9.7,-0.0240176281777131
9.71,-0.00999009983761615
9.72,0.0129488037753189
9.73,0.0431501384484769
9.74,0.0783625839253171
9.75,0.115894402162887
9.76,0.152792085281048
9.77,0.186038760143996
9.78,0.212778179093952
9.79,0.230549061523002
9.8,0.237499602825943
9.81,0.232559756963337
9.82,0.215559611042362
9.83,0.187282072596705
9.84,0.149440110325762
9.85,0.104571395294899
9.86,0.0558299714540332
9.87,0.00665381461101376
9.88,-0.0396581665777803
9.89,-0.0803591876870693
9.9,-0.113551850194066
9.91,-0.138305056647595
9.92,-0.15457284660373
9.93,-0.162955334436894
9.94,-0.16439781600906
9.95,-0.159935781214886
9.96,-0.150553068263668
9.97,-0.137158466331402
9.98,-0.120637066570148
9.99,-0.101915086802909
10,-0.0819939790368661
10.01,-0.0619404765070773
10.02,-0.0428281503237379
10.03,-0.0256201244432959
10.04,-0.0110077569211319
10.05,0.000732450921377852
10.06,0.00979512832798718
10.07,0.0167890076520634
10.08,0.0225856853236853
10.09,0.0281278514589168
10.1,0.0342638593314721
10.11,0.0416460280050354
10.12,0.0506900386827922
10.13,0.0615850755702932
10.14,0.0743369315601134
10.15,0.0887949418469707
10.16,0.104618008238885
10.17,0.121199208321953
10.18,0.137620986878116
10.19,0.152702875585764
10.2,0.165149814697456
10.21,0.173754812533151
10.22,0.177595340269595
10.23,0.176186357970781
10.24,0.169571507493997
10.25,0.158333758272855
10.26,0.143517722007873
10.27,0.126486961994395
10.28,0.108751278200488
10.29,0.0917829320321864
10.3,0.0768369890179274
10.31,0.0647988767343562
10.32,0.0560842239996033
10.33,0.0506175318858912
10.34,0.0478994545035955
10.35,0.0471317202545962
10.36,0.0473454516281808
10.37,0.0474978928261573
10.38,0.0465407691902216
10.39,0.0434835646041306
10.4,0.0374712567239402
10.41,0.0278859304875892
10.42,0.01445976291358
10.43,-0.00265033126944199
10.44,-0.0228810178092389
10.45,-0.0453745274373555
10.46,-0.0691324667354303
10.47,-0.0931513926746795
10.48,-0.116492200286232
10.49,-0.138267330378847
10.5,-0.157585128325696
10.51,-0.173518083824291
10.52,-0.185128749267002
10.53,-0.1915363406224
10.54,-0.19199821094775
10.55,-0.186008561833545
10.56,-0.173422781280326
10.57,-0.154582933338461
10.58,-0.130391801442501
10.59,-0.102295491889959
10.6,-0.0721772530602119
10.61,-0.0421940939851033
10.62,-0.0145858452345162
10.63,0.0085229181674534
10.64,0.0253214126603512
10.65,0.0345251750331689
10.66,0.0356014813293766
10.67,0.0289503237523029
10.68,0.0159543203550661
10.69,-0.00115546833184205
10.7,-0.0196078989698615
10.71,-0.0364989803508403
10.72,-0.0491759618456407
10.73,-0.0554961684141346
10.74,-0.0539469836431119
10.75,-0.0436920644518832
10.76,-0.0246147666464451
10.77,0.00262540525534883
10.78,0.0365632542059672
10.79,0.0749720435188828
10.8,0.115002994708753
10.81,0.153422255739226
10.82,0.186928406181446
10.83,0.212511216447894
10.84,0.227799758219325
10.85,0.231340104121708
10.86,0.22274826280995
10.87,0.202720570646722
10.88,0.172923734140336
10.89,0.135793326572796
10.9,0.0942561553272307
10.91,0.0513945769032862
10.92,0.0101022953319838
10.93,-0.0271856164529502
10.94,-0.0586203231844381
10.95,-0.082925572991952
10.96,-0.099310621197638
10.97,-0.107388873533291
10.98,-0.107139991096268
10.99,-0.0989021227536311
11,-0.0833567991303011
11.01,-0.0614823318683288
11.02,-0.0344892920580962
11.03,-0.00376794106339492
11.04,0.0291502920647792
11.05,0.0626412584627743
11.06,0.0950641867166758
11.07,0.124862866768216
11.08,0.150667224685255
11.09,0.17135901410136
11.1,0.186086231014983
11.11,0.194253743849724
11.12,0.195536656710474
11.13,0.189937290472525
11.14,0.177866163480199
11.15,0.160198739459145
11.16,0.138250040037714
11.17,0.113641020857845
11.18,0.0881026398550775
11.19,0.0633062189135726
11.2,0.0407679075303781
11.21,0.0218004974301426
11.22,0.0074601181871294
11.23,-0.00153911046030559
11.24,-0.00493484817920627
11.25,-0.00300940208493072
11.26,0.00339747208799394
11.27,0.0129906257062517
11.28,0.024194744678894
11.29,0.0353164151454676
11.3,0.0446542328054158
11.31,0.0505955116787485
11.32,0.0517469964055495
11.33,0.047094607843346
11.34,0.0361434536021574
11.35,0.0189862863115292
11.36,-0.00372214804255057
11.37,-0.0308761329393463
11.38,-0.0610894084053887
11.39,-0.0928844462930705
11.4,-0.124859263700534
11.41,-0.155815004922051
11.42,-0.184844709811083
11.43,-0.211372970864013
11.44,-0.235123610432953
11.45,-0.256008846416366
11.46,-0.273975927709383
11.47,-0.288876154538684
11.48,-0.300404807441388
11.49,-0.308116368198513
11.5,-0.311492008583317
11.51,-0.310045935858311
11.52,-0.303468870945649
11.53,-0.291783906067083
11.54,-0.275464268444234
11.55,-0.255472793141869
11.56,-0.2332082948741
11.57,-0.210357677674545
11.58,-0.188663070168824
11.59,-0.169640596453435
11.6,-0.1543261545505
11.61,-0.143134001666204
11.62,-0.135867549897304
11.63,-0.13184554325533
11.64,-0.130063145556391
11.65,-0.129328642599427
11.66,-0.128372648235713
11.67,-0.12596345987017
11.68,-0.121045808566131
11.69,-0.112873251677621
11.7,-0.101098209110581
11.71,-0.085826732404046
11.72,-0.0676544559066325
11.73,-0.047656714048944
11.74,-0.0272884924289511
11.75,-0.00818577460467355
11.76,0.00809948391265347
11.77,0.020373855114299
11.78,0.0280104103973626
11.79,0.03102324618064
11.8,0.0300045886651431
11.81,0.0259866057934848
11.82,0.0202845630869815
11.83,0.014327643944204
11.84,0.00947566401143005
11.85,0.0068506973483322
11.86,0.00721366063315202
11.87,0.0108926847403234
11.88,0.017763597718003
11.89,0.0272799971318812
11.9,0.0385444356552972
11.91,0.0504200670396825
11.92,0.0616901187832212
11.93,0.07125632947314
11.94,0.0783341908192546
11.95,0.0825896233230005
11.96,0.0841801509156777
11.97,0.0836873462971469
11.98,0.081953074060343
11.99,0.0798645958349548
12,0.0781541426413314
12.01,0.0772771741201492
12.02,0.0774026990678305
12.03,0.0784857484332536
12.04,0.0803410000600251
12.05,0.0826567863151964
12.06,0.084966729877799
12.07,0.0866476896258815
12.08,0.0869837375607354
12.09,0.0852693875178893
12.1,0.0809044406391976
12.11,0.0734662228673051
12.12,0.0627685823891084
12.13,0.0489123441018487
12.14,0.0323236081380349
12.15,0.0137568718816605
12.16,-0.00577253887452963
12.17,-0.0251226655971199
12.18,-0.0431717186961115
12.19,-0.0589338981361338
12.2,-0.0716440566887072
12.21,-0.0808269518389469
12.22,-0.0863547896329954
12.23,-0.0884770697082503
12.24,-0.0877943288724473
12.25,-0.0851725405618902
12.26,-0.0816417284520493
12.27,-0.0783112755556933
12.28,-0.0762729784653831
12.29,-0.0764636408173924
12.3,-0.0795248556201144
12.31,-0.0857120446437406
12.32,-0.0948635020915053
12.33,-0.106430076019852
12.34,-0.119572557806899
12.35,-0.133306199935721
12.36,-0.14664461462479
12.37,-0.158704575829701
12.38,-0.168758832112444
12.39,-0.176243396271118
12.4,-0.180732659183048
12.41,-0.181895491191112
12.42,-0.179449022764628
12.43,-0.173127650925523
12.44,-0.16267927026794
12.45,-0.147902352499095
12.46,-0.128735424835354
12.47,-0.105379673035706
12.48,-0.0783947710419906
12.49,-0.0487079109712022
12.5,-0.017522782701692
12.51,0.0138429635503365
12.52,0.0441486628505848
12.53,0.0723886839869955
12.54,0.0978448099332241
12.55,0.12000987053333
12.56,0.138455003571173
12.57,0.152751848670562
12.58,0.162488597171286
12.59,0.16732281991025
12.6,0.167009858983542
12.61,0.161406949742056
12.62,0.150479176267759
12.63,0.134319277660882
12.64,0.113186625314105
12.65,0.0875656044893977
12.66,0.0582279593189855
12.67,0.0262725965614926
12.68,-0.00687948908158548
12.69,-0.0395470194847667
12.7,-0.0699202009939534
12.71,-0.096269840101691
12.72,-0.1171999254033
12.73,-0.13187094296322
12.74,-0.140124824311731
12.75,-0.142472771420328
12.76,-0.139954171476597
12.77,-0.133924992649506
12.78,-0.125839985647356
12.79,-0.117059731571717
12.8,-0.108704772186916
12.81,-0.101591956855749
12.82,-0.0962626847573451
12.83,-0.0930606047432065
12.84,-0.0922010948794916
12.85,-0.0937975752253944
12.86,-0.0978379316037481
12.87,-0.104132267378734
12.88,-0.112266148040501
12.89,-0.121582914421989
12.9,-0.131203320067558
12.91,-0.140076472402776
12.92,-0.147052175190424
12.93,-0.150978215962481
12.94,-0.150820012593868
12.95,-0.145769364487367
12.96,-0.135317004384408
12.97,-0.119313250634612
12.98,-0.0980470931239528
12.99,-0.072315356150704
13,-0.0434129114860039
13.01,-0.0130071596378374
13.02,0.0170740359921235
13.03,0.0450808793258773
13.04,0.0695598239773832
13.05,0.089520000943684
13.06,0.1045270440002
13.07,0.114718187582646
13.08,0.120731844559712
13.09,0.123546650481947
13.1,0.124266202692637
13.11,0.123921338075026
13.12,0.12333165211172
13.13,0.123020410468962
13.14,0.123176993960954
13.15,0.123668824128224
13.16,0.124083975094311
13.17,0.12378233879215
13.18,0.121960346527724
13.19,0.117740172350354
13.2,0.110271343346226
13.21,0.098826972176336
13.22,0.0828899143402709
13.23,0.0622189337693814
13.24,0.036869942757773
13.25,0.00716018370149132
13.26,-0.0263963854074283
13.27,-0.0631294735963912
13.28,-0.102200183886257
13.29,-0.142563938674188
13.3,-0.182972333879976
13.31,-0.222055600017985
13.32,-0.258463097522103
13.33,-0.290988835593738
13.34,-0.318619888613016
13.35,-0.340516002184009
13.36,-0.355988038890847
13.37,-0.364522715610765
13.38,-0.365836472324911
13.39,-0.359914798457188
13.4,-0.347019000195267
13.41,-0.32767852726299
13.42,-0.302694089206857
13.43,-0.273148817240247
13.44,-0.240393960395089
13.45,-0.205975502808889
13.46,-0.171504296505396
13.47,-0.138507686631898
13.48,-0.108296930402873
13.49,-0.081866588507428
13.5,-0.0598338875027592
13.51,-0.0424149923813763
13.52,-0.0294316781969856
13.53,-0.0203513351181514
13.54,-0.0143617467233901
13.55,-0.0104718327821052
13.56,-0.00763044140467996
13.57,-0.00486220230317359
13.58,-0.00141484328402363
13.59,0.00310569375672136
13.6,0.00865074916575887
13.61,0.0147278008127504
13.62,0.0204929799015782
13.63,0.0249258510184004
13.64,0.0270602246179707
13.65,0.0262310965870672
13.66,0.0222864357813332
13.67,0.015712911588897
13.68,0.00763833621482984
13.69,-0.000309732333893762
13.7,-0.00628373399763674
13.71,-0.00857178933992153
13.72,-0.00591443658176177
13.73,0.00230660714830949
13.74,0.0160086412622459
13.75,0.0344225118851
13.76,0.056149396758586
13.77,0.0792847878319389
13.78,0.10164295103819
13.79,0.121057378694892
13.8,0.135682964223225
13.81,0.144225418148508
13.82,0.146050264471446
13.83,0.141167339675883
13.84,0.130129184822654
13.85,0.113886885635521
13.86,0.0936325168659598
13.87,0.0706640125553474
13.88,0.0463066466231334
13.89,0.0218794743322817
13.9,-0.00134113210034531
13.91,-0.0221802553923396
13.92,-0.0396125082329467
13.93,-0.0527560916858995
13.94,-0.0608085803844739
13.95,-0.0629667475151356
13.96,-0.0583857727860346
13.97,-0.0462125529858668
13.98,-0.0256971667096235
13.99,0.00364121463190318
14,0.0418289300929021
14.01,0.0882639472733941
14.02,0.141597073294579
14.03,0.199729083356427
14.04,0.259947960419138
14.05,0.319158405000675
14.06,0.374133835964177
14.07,0.421757276366402
14.08,0.459253533267117
14.09,0.484424906181399
14.1,0.495873858629221
14.11,0.493145061764868
14.12,0.476721797784982
14.13,0.447884103352657
14.14,0.40849821104957
14.15,0.360806822906772
14.16,0.307250308381248
14.17,0.250322428799813
14.18,0.192464350509477
14.19,0.135986929656782
14.2,0.0829870067373609
14.21,0.0352434506105939
14.22,-0.00587354002740123
14.23,-0.0394390447878544
14.24,-0.0649517899777672
14.25,-0.0822828013292135
14.26,-0.0916298020465065
14.27,-0.0934967405927947
14.28,-0.0886827406836927
14.29,-0.0782456843013375
14.3,-0.0634324308628066
14.31,-0.0455966077630421
14.32,-0.0261182317261445
14.33,-0.00632917023833904
14.34,0.0125490356051696
14.35,0.0294506908307716
14.36,0.0434906498984577
14.37,0.0539583868704697
14.38,0.0602784600490425
14.39,0.0619533032970451
14.4,0.0585194428512009
14.41,0.0495482620536599
14.42,0.0347082829758263
14.43,0.0138908657470584
14.44,-0.0126233754565426
14.45,-0.0440190603257361
14.46,-0.0788842854427337
14.47,-0.115242487675569
14.48,-0.150654144862226
14.49,-0.182374624225519
14.5,-0.207559173964565
14.51,-0.223504684852525
14.52,-0.227929429081088
14.53,-0.219285643987836
14.54,-0.197057409186262
14.55,-0.161958890903886
14.56,-0.115963161301579
14.57,-0.0621445426183544
14.58,-0.00435750311968701
14.59,0.0531954832753058
14.6,0.106414419037935
14.61,0.15166857100844
14.62,0.18603791201158
14.63,0.207460905151897
14.64,0.214822872544594
14.65,0.207967469450405
14.66,0.187602955817213
14.67,0.155125723209877
14.68,0.112420445797953
14.69,0.0616898703421917
14.7,0.00534932186971927
14.71,-0.0540144170325862
14.72,-0.113676224258668
14.73,-0.170870315519243
14.74,-0.222969465192006
14.75,-0.26769127095681
14.76,-0.303261918737389
14.77,-0.328516270389718
14.78,-0.342951088542178
14.79,-0.346732031751144
14.8,-0.340641110905028
14.81,-0.325967341834618
14.82,-0.304356200914585
14.83,-0.277645824843646
14.84,-0.24772974663203
14.85,-0.216471956195847
14.86,-0.18566946112537
14.87,-0.157036161666226
14.88,-0.132170232319579
14.89,-0.112463789188113
14.9,-0.0989500838046169
14.91,-0.0921585500780185
14.92,-0.0920729058743813
14.93,-0.0982131203131306
14.94,-0.109769293102436
14.95,-0.125702191731817
14.96,-0.144790418349161
14.97,-0.165666360441168
14.98,-0.186877210936202
14.99,-0.206958884419322
15,-0.224494507192425
15.01,-0.238163120998126
15.02,-0.24681412976831
15.03,-0.249583089082864
15.04,-0.24601042191227
15.05,-0.236093769950587
15.06,-0.220234727358103
15.07,-0.199106497844885
15.08,-0.173507154650005
15.09,-0.144249824151708
15.1,-0.112116940205365
15.11,-0.0778943836815489
15.12,-0.0424717225625356
15.13,-0.00694784391202494
15.14,0.0273285324086868
15.15,0.0588110117637703
15.16,0.0858767382305524
15.17,0.106973378617486
15.18,0.120758015762092
15.19,0.126211676557664
15.2,0.122732700072222
15.21,0.110224922394773
15.22,0.0891842667291277
15.23,0.0607585595592965
15.24,0.0267387042432877
15.25,-0.0105475984739746
15.26,-0.0484287441575995
15.27,-0.0841324615426157
15.28,-0.115054730327354
15.29,-0.139030161187397
15.3,-0.154551775923793
15.31,-0.160887826877153
15.32,-0.158084858916613
15.33,-0.146889478451062
15.34,-0.128638895419095
15.35,-0.10514417353966
15.36,-0.0785390818751835
15.37,-0.0510665804359538
15.38,-0.02484208089715
15.39,-0.00167686920264615
15.4,0.0169953664323777
15.41,0.0301166520685031
15.42,0.0369804522070331
15.43,0.0372189423092143
15.44,0.0308166071290104
15.45,0.0181478819529828
15.46,6.10168166716975e-06
15.47,-0.022414166374223
15.48,-0.0475825397716312
15.49,-0.0737276528717992
15.5,-0.0989549861424901
15.51,-0.121383170616985
15.52,-0.13929316336156
15.53,-0.151289443713717
15.54,-0.156451681469648
15.55,-0.154430612530103
15.56,-0.145466475188807
15.57,-0.130350978092255
15.58,-0.110353719306513
15.59,-0.0871068941719178
15.6,-0.062435243077486
15.61,-0.038144346798269
15.62,-0.0158122489054254
15.63,0.00336951120920404
15.64,0.0186848272922605
15.65,0.0299183448160589
15.66,0.0373403194401886
15.67,0.0416611788022193
15.68,0.0439319382508034
15.69,0.0453676173294671
15.7,0.0471180610274147
15.71,0.0500511471952537
15.72,0.0546143526153166
15.73,0.0608079941872296
15.74,0.0682586460507913
15.75,0.0763566266319106
15.76,0.0844252878616446
15.77,0.09189174583216
15.78,0.0984186082654125
15.79,0.103962213174807
15.8,0.108750635625341
15.81,0.113198449654106
15.82,0.117785737702516
15.83,0.122931207063745
15.84,0.128880376232114
15.85,0.135618769303111
15.86,0.142822483943906
15.87,0.149858210546695
15.88,0.155825115269125
15.89,0.159620381467577
15.9,0.160028846236657
15.91,0.155854120244538
15.92,0.146098812339499
15.93,0.130170969826714
15.94,0.108056887781677
15.95,0.0803922215671432
15.96,0.0484065019471569
15.97,0.0137717781052522
15.98,-0.0215875455895187
15.99,-0.0556705984217185
16,-0.086539461724195
16.01,-0.112437026999758
16.02,-0.131899070673688
16.03,-0.143846323928924
16.04,-0.147634913751208
16.05,-0.143076829764087
16.06,-0.130468049813219
16.07,-0.110635509005012
16.08,-0.0849651210630635
16.09,-0.0553576301520847
16.1,-0.0240821857401042
16.11,0.00646345543278345
16.12,0.0340394392453965
16.13,0.0568272401859955
16.14,0.0735994513986005
16.15,0.0837571155603519
16.16,0.087253231938254
16.17,0.0844589474721242
16.18,0.0760188323505939
16.19,0.0627142686380298
16.2,0.0453469507773798
16.21,0.024665111885224
16.22,0.00135310908210126
16.23,-0.0239258626560351
16.24,-0.050471334618737
16.25,-0.0774986802772957
16.26,-0.104106178350931
16.27,-0.129249506765641
16.28,-0.151729277286188
16.29,-0.170222393673485
16.3,-0.183393219657719
16.31,-0.190078320229658
16.32,-0.189481267991326
16.33,-0.181307288380446
16.34,-0.165820105355114
16.35,-0.143844163069193
16.36,-0.116725171841867
16.37,-0.0862489778847078
16.38,-0.0545237359490783
16.39,-0.0238229522261235
16.4,0.00361325304188428
16.41,0.0257894343118589
16.42,0.0411212688048388
16.43,0.0485081435040649
16.44,0.0473115510850379
16.45,0.0373035302488711
16.46,0.0186642355486496
16.47,-0.00795535379143958
16.48,-0.0413628624231005
16.49,-0.0798152375711909
16.5,-0.12109807276068
16.51,-0.162680134948052
16.52,-0.201923330575887
16.53,-0.236330616954824
16.54,-0.263793486464109
16.55,-0.282780846673054
16.56,-0.292428105937035
16.57,-0.29252815036554
16.58,-0.283449210251844
16.59,-0.265999985317667
16.6,-0.241274185340928
16.61,-0.210523305659131
16.62,-0.17507716876077
16.63,-0.136298877480871
16.64,-0.0955709004029326
16.65,-0.0543066278782369
16.66,-0.0139501694782316
16.67,0.0240685446334834
16.68,0.0584101174985713
16.69,0.0878908433786122
16.7,0.111509942774985
16.71,0.128450699764917
16.72,0.138087327532639
16.73,0.140018826276362
16.74,0.134131962231814
16.75,0.120674676579908
16.76,0.100300793953864
16.77,0.0740547877960466
16.78,0.0432971142379531
16.79,0.00958763257886527
16.8,-0.0254507955415315
16.81,-0.0602569284587932
16.82,-0.0934136234224725
16.83,-0.123685755440285
16.84,-0.150041145559801
16.85,-0.171670421582655
16.86,-0.187984286063599
16.87,-0.198572988786878
16.88,-0.203162059901775
16.89,-0.20160333748853
16.9,-0.193890943734699
16.91,-0.180185104721807
16.92,-0.160866423395125
16.93,-0.136624612085042
16.94,-0.108516674801132
16.95,-0.0779267741713741
16.96,-0.0464362953408542
16.97,-0.0156687617043895
16.98,0.0128366775450361
16.99,0.0377089214827416
17,0.0578038852309846
17.01,0.0722709059853419
17.02,0.0806371238087074
17.03,0.0828748281655528
17.04,0.0794063013763709
17.05,0.0710426858423048
17.06,0.058884459839497
17.07,0.0441943716228395
17.08,0.0282380944933721
17.09,0.0121120407405446
17.1,-0.0033911822647533
17.11,-0.0178312206810795
17.12,-0.0310687285420546
17.13,-0.0431429923723344
17.14,-0.0541286051530784
17.15,-0.0640143198543601
17.16,-0.0726257653291436
17.17,-0.0795979774442767
17.18,-0.0843958909141355
17.19,-0.0863678920036368
17.2,-0.0848148273944383
17.21,-0.0790789450139952
17.22,-0.0686665342928164
17.23,-0.0533952302963606
17.24,-0.0335332159709942
17.25,-0.0098902487452407
17.26,0.0161739233428448
17.27,0.0428406760258751
17.28,0.0680176440159104
17.29,0.0895909023282713
17.3,0.105689906579565
17.31,0.114892606100661
17.32,0.116325363774151
17.33,0.109665218448237
17.34,0.095072392200812
17.35,0.0730773611324778
17.36,0.0444601807772178
17.37,0.0101652212045969
17.38,-0.0287400154989771
17.39,-0.0710780162426165
17.4,-0.11554015065139
17.41,-0.160618420633716
17.42,-0.204523634736184
17.43,-0.2451624983121
17.44,-0.280229117192707
17.45,-0.307412697224248
17.46,-0.324671485213138
17.47,-0.330499890397247
17.48,-0.324130080903372
17.49,-0.305647739815039
17.5,-0.276027803446225
17.51,-0.237091134578444
17.52,-0.191374914981803
17.53,-0.14191907608384
17.54,-0.0919916143127057
17.55,-0.0448011352803419
17.56,-0.00325043046724709
17.57,0.0302525266798473
17.58,0.0539482108083414
17.59,0.0668548327634073
17.6,0.0688485024784829
17.61,0.0606547846380286
17.62,0.0437255112921982
17.63,0.0200147606324146
17.64,-0.00828115630545917
17.65,-0.0389443490860137
17.66,-0.0698852669563451
17.67,-0.0992348384184486
17.68,-0.125402965294144
17.69,-0.14712004582842
17.7,-0.163466831885501
17.71,-0.17388970878172
17.72,-0.178192764183125
17.73,-0.1765004617245
17.74,-0.16920831197693
17.75,-0.15694939794496
17.76,-0.140568404738999
17.77,-0.121070908303141
17.78,-0.0995435387761119
17.79,-0.0770561677209062
17.8,-0.0545487851450137
17.81,-0.0327289554986316
17.82,-0.0120263391230995
17.83,0.00738386797883318
17.84,0.0255166161825222
17.85,0.0425011597726934
17.86,0.0585173255102468
17.87,0.0737665056187781
17.88,0.0884710836832472
17.89,0.102855588808598
17.9,0.117076094531345
17.91,0.13112537874304
17.92,0.144774528283878
17.93,0.15758806826742
17.94,0.169004185894742
17.95,0.178440595046184
17.96,0.185380056423125
17.97,0.189415379492024
17.98,0.19028032791029
17.99,0.187896413401504
18,0.182417213036492
18.01,0.174232335906899
18.02,0.163923227520694
18.03,0.152189995941795
18.04,0.139770588253758
18.05,0.127365613623524
18.06,0.115574996688007
18.07,0.104845845601257
18.08,0.0954262687236007
18.09,0.0873219525433676
18.1,0.0802631278798097
18.11,0.0737058074906468
18.12,0.0668913550143878
18.13,0.0589647977781097
18.14,0.0491351237781582
18.15,0.0368534647818706
18.16,0.0219632337577655
18.17,0.00476791015965514
18.18,-0.0139979073374328
18.19,-0.0332634898786504
18.2,-0.0517599502262694
18.21,-0.0682086717043634
18.22,-0.0815432064283471
18.23,-0.0910886452189493
18.24,-0.0966376369715832
18.25,-0.0984472656945793
18.26,-0.0972086642444661
18.27,-0.0939899080996747
18.28,-0.0901263083943579
18.29,-0.0870559451707792
18.3,-0.0861157775175199
18.31,-0.088326774579882
18.32,-0.0942235894286877
18.33,-0.103784440349687
18.34,-0.116472730854503
18.35,-0.131361395620426
18.36,-0.147292956999363
18.37,-0.163013879955288
18.38,-0.177235479007064
18.39,-0.188637760466822
18.4,-0.19589105744723
18.41,-0.197752668596272
18.42,-0.193214887970644
18.43,-0.181630073966362
18.44,-0.162770303830841
18.45,-0.1368342619819
18.46,-0.104428464383373
18.47,-0.0665370703523646
18.48,-0.0244850482095764
18.49,0.0201098332398444
18.5,0.0654122209406923
18.51,0.109471990129448
18.52,0.150321762052273
18.53,0.18604976946295
18.54,0.214876794649775
18.55,0.235265975142302
18.56,0.246049816063346
18.57,0.246539386507138
18.58,0.236599773486303
18.59,0.216693544333494
18.6,0.187878425028084
18.61,0.151722063151145
18.62,0.110123746006448
18.63,0.0650980930859926
18.64,0.0186040167133044
18.65,-0.0275389932865564
18.66,-0.0716732401661841
18.67,-0.112319141055278
18.68,-0.148218166049647
18.69,-0.178398442552874
18.7,-0.202236091828503
18.71,-0.219480189149799
18.72,-0.230221062939165
18.73,-0.234812261997429
18.74,-0.233789422220178
18.75,-0.227826540048093
18.76,-0.217729703358919
18.77,-0.20443517357567
18.78,-0.18899060695888
18.79,-0.172535940607624
18.8,-0.156297445020827
18.81,-0.141560318289642
18.82,-0.129574853015692
18.83,-0.121402722578241
18.84,-0.117754296549692
18.85,-0.118865107987618
18.86,-0.124430980340392
18.87,-0.133602072884586
18.88,-0.145042042965803
18.89,-0.1570620890659
18.9,-0.167817546228232
18.91,-0.175532222133231
18.92,-0.178708830913543
18.93,-0.176286337109337
18.94,-0.167724210400774
18.95,-0.153016783717588
18.96,-0.132646206686529
18.97,-0.107491850681421
18.98,-0.0787324752586691
18.99,-0.0477646955111317
19,-0.0161251064995638
19.01,0.0146047735582828
19.02,0.0429077662309916
19.03,0.0674351864949444
19.04,0.0871025883874648
19.05,0.101195457712285
19.06,0.109480681309642
19.07,0.112276827569596
19.08,0.110443673837682
19.09,0.105293237359632
19.1,0.0984445248091452
19.11,0.0916467690441044
19.12,0.0865887922708903
19.13,0.0846987957652472
19.14,0.0869568717621412
19.15,0.0937705682561943
19.16,0.104937120260302
19.17,0.119673206569278
19.18,0.136703930882523
19.19,0.154425513468531
19.2,0.17113194334001
19.21,0.185256960252815
19.22,0.195578755904515
19.23,0.201352287180308
19.24,0.202341634599085
19.25,0.198738966716844
19.26,0.191000340060298
19.27,0.1796671111304
19.28,0.165238718261585
19.29,0.148134370602387
19.3,0.12874846425238
19.31,0.107566369025465
19.32,0.0852741905321963
19.33,0.0628062376030514
19.34,0.041332304689436
19.35,0.0222204030961988
19.36,0.00698067768621457
19.37,-0.00283354920725795
19.38,-0.00577651731454336
19.39,-0.000687177755229949
19.4,0.0131522504341158
19.41,0.0359119066681009
19.42,0.0671737970928969
19.43,0.105941625552096
19.44,0.150673152017902
19.45,0.199322874744087
19.46,0.249420828702764
19.47,0.298209237826149
19.48,0.342815241925924
19.49,0.380431770671007
19.5,0.408505212377121
19.51,0.424929405780282
19.52,0.428231923137907
19.53,0.417741978605428
19.54,0.393726418546714
19.55,0.357450944922395
19.56,0.311112880439744
19.57,0.257641469291848
19.58,0.200416218372442
19.59,0.142946123349877
19.6,0.0885271317847323
19.61,0.0399083670911007
19.62,-0.000975525535483277
19.63,-0.033140246260725
19.64,-0.0565159128584793
19.65,-0.0717658175241034
19.66,-0.0800465534931751
19.67,-0.082790208142067
19.68,-0.0815385062417507
19.69,-0.077826191624651
19.7,-0.073096941125177
19.71,-0.0686218938860291
19.72,-0.0654111972552539
19.73,-0.0641482591298679
19.74,-0.0651698499635101
19.75,-0.06848681738602
19.76,-0.0738398161928421
19.77,-0.0807802467894094
19.78,-0.0887471163070843
19.79,-0.0971224395456655
19.8,-0.105284434874286
19.81,-0.112683814768231
19.82,-0.118933848856002
19.83,-0.123871178010077
19.84,-0.12755183876625
19.85,-0.130187318617669
19.86,-0.132058336825354
19.87,-0.133451690789975
19.88,-0.134643941045993
19.89,-0.135916173657857
19.9,-0.137563778207704
19.91,-0.139867251046579
19.92,-0.1429972713485
19.93,-0.146865264465666
19.94,-0.15099635014062
19.95,-0.154517223724534
19.96,-0.156279443502301
19.97,-0.155046753089829
19.98,-0.149655864769366
19.99,-0.139125673546449
20,-0.122755670920598
20.01,-0.100242694953329
20.02,-0.0717869079093009
20.03,-0.0381404412479795
20.04,-0.00058997962387799
20.05,0.0391046161403287
20.06,0.0788065083299033
20.07,0.116147900189454
20.08,0.148725889711984
20.09,0.174308814435421
20.1,0.19101092773807
20.11,0.197425906629736
20.12,0.192728273715309
20.13,0.176746204740175
20.14,0.149996552164472
20.15,0.113671514690335
20.16,0.0695859255231026
20.17,0.0201000964701971
20.18,-0.0319991398990001
20.19,-0.0836907208527394
20.2,-0.131972595676425
20.21,-0.174119520255674
20.22,-0.207895294810836
20.23,-0.231705484275767
20.24,-0.244708927937224
20.25,-0.246904561714831
20.26,-0.239171127454361
20.27,-0.223212164659639
20.28,-0.201377819940486
20.29,-0.176378724079663
20.3,-0.150959449404731
20.31,-0.127623885807769
20.32,-0.108454243933328
20.33,-0.094991786525921
20.34,-0.0881508780106343
20.35,-0.0881882780615083
20.36,-0.0947499159272763
20.37,-0.106975526153473
20.38,-0.123619957843709
20.39,-0.143163528333281
20.4,-0.163915239355336
20.41,-0.184132606228184
20.42,-0.202169256903385
20.43,-0.216634482682394
20.44,-0.226534000117089
20.45,-0.231362405201419
20.46,-0.231134585881839
20.47,-0.226364117759822
20.48,-0.217999117731641
20.49,-0.20731951228106
20.5,-0.195809522558148
20.51,-0.18503066045626
20.52,-0.176508579632739
20.53,-0.171627264629264
20.54,-0.171517920804494
20.55,-0.176933837296715
20.56,-0.188112389638386
20.57,-0.204647567139495
20.58,-0.225422640124704
20.59,-0.248656354342756
20.6,-0.272092326075671
20.61,-0.293320347482615
20.62,-0.310159653654748
20.63,-0.320988623122776
20.64,-0.324921961939382
20.65,-0.321806468798711
20.66,-0.312080030151565
20.67,-0.296582158325121
20.68,-0.276405340835702
20.69,-0.252828658594222
20.7,-0.227300354009617
20.71,-0.201400204516305
20.72,-0.176742519107364
20.73,-0.154819709847207
20.74,-0.136808863245077
20.75,-0.123393403729211
20.76,-0.114668042463712
20.77,-0.11017009675055
20.78,-0.10902561277882
20.79,-0.110137970557239
20.8,-0.112333560348225
20.81,-0.11444537233679
20.82,-0.115382195760184
20.83,-0.114211876522282
20.84,-0.110223620441206
20.85,-0.102926417112881
20.86,-0.0919962481319992
20.87,-0.0772245116068463
20.88,-0.0585080133592284
20.89,-0.0358934563314569
20.9,-0.00966572468656026
20.91,0.0195617065282857
20.92,0.0508161193065825
20.93,0.0828339802033117
20.94,0.114214848505739
20.95,0.143606476251258
20.96,0.169856392208533
20.97,0.192086790888635
20.98,0.209698865647341
20.99,0.222344852562247
21,0.229890561180641
21.01,0.232368223465469
21.02,0.229918761047998
21.03,0.222734447068824
21.04,0.211029631003767
21.05,0.195068359603883
21.06,0.175241675245487
21.07,0.152140024006763
21.08,0.126568049353527
21.09,0.0995035436313608
21.1,0.0720319962875481
21.11,0.0452648098332363
21.12,0.0202380895686308
21.13,-0.00218878243164884
21.14,-0.0214103643937122
21.15,-0.0371202226899736
21.16,-0.0493189909058936
21.17,-0.0582809786077395
21.18,-0.0644919273200934
21.19,-0.068582161359342
21.2,-0.0712692481462332
21.21,-0.0733081667975189
21.22,-0.075442405703955
21.23,-0.0783500688260025
21.24,-0.0825736261149361
21.25,-0.0884330676296113
21.26,-0.0959615732778977
21.27,-0.10491674593314
21.28,-0.114876166532556
21.29,-0.125373239284825
21.3,-0.136014285745674
21.31,-0.14653339113099
21.32,-0.156770163966972
21.33,-0.16658718924983
21.34,-0.175767368956931
21.35,-0.183937691607419
21.36,-0.190549408458285
21.37,-0.194918372994652
21.38,-0.196313894573038
21.39,-0.194070071242271
21.4,-0.187678449945031
21.41,-0.176833663973326
21.42,-0.161446185996674
21.43,-0.141664442336939
21.44,-0.117919303934951
21.45,-0.090951352605257
21.46,-0.0617862068253626
21.47,-0.031667168878335
21.48,-0.00195877896393829
21.49,0.0259779766486514
21.5,0.0509157031221978
21.51,0.0718531080841606
21.52,0.0880504497335083
21.53,0.0990298893637894
21.54,0.104584014538917
21.55,0.104815668822235
21.56,0.100184206772177
21.57,0.0915105073989869
21.58,0.0799263220346167
21.59,0.0667954713250349
21.6,0.053626931166889
21.61,0.0419688430710073
21.62,0.0332749503782545
21.63,0.028763617979642
21.64,0.0293019185299751
21.65,0.0353345406676215
21.66,0.0468578163298056
21.67,0.0634218770609958
21.68,0.0841395365844796
21.69,0.107709906996487
21.7,0.132502504710147
21.71,0.15672852438029
21.72,0.178659373835799
21.73,0.196821462839907
21.74,0.210127423963938
21.75,0.217947334474714
21.76,0.220139228662471
21.77,0.217048136730034
21.78,0.209465937808016
21.79,0.19853835405432
21.8,0.185615621159238
21.81,0.17206094709659
21.82,0.159049573015999
21.83,0.147408489611504
21.84,0.137541915684059
21.85,0.129448221926321
21.86,0.12280266329346
21.87,0.117085996339499
21.88,0.111736842977973
21.89,0.106282183256203
21.9,0.10041450456762
21.91,0.0940367699669893
21.92,0.0873106710796653
21.93,0.0807009339935804
21.94,0.0749722158527935
21.95,0.0711039637354157
21.96,0.0701251699266897
21.97,0.0729087752280349
21.98,0.0799851803211231
21.99,0.0914243478375019
22,0.106800318064153
22.01,0.125219785632522
22.02,0.145398046717797
22.03,0.165774302823189
22.04,0.184640621044134
22.05,0.20025942636274
22.06,0.210985514969905
22.07,0.215421316307032
22.08,0.212593557218178
22.09,0.202103968125389
22.1,0.18420459135772
22.11,0.159767420476015
22.12,0.130153133973149
22.13,0.0970193142091689
22.14,0.0621231207014006
22.15,0.0271608642389167
22.16,-0.00634013171226091
22.17,-0.0370746076676084
22.18,-0.0639541441507548
22.19,-0.0860672121044593
22.2,-0.102667433224513
22.21,-0.113231981822703
22.22,-0.117557038145821
22.23,-0.115818951072883
22.24,-0.108558053677725
22.25,-0.096596513516791
22.26,-0.0809462719668149
22.27,-0.0627569319149691
22.28,-0.0432928256678579
22.29,-0.0238903606673687
22.3,-0.00587022109094876
22.31,0.00958380636086691
22.32,0.0215419253078252
22.33,0.0293917540997232
22.34,0.0328292470823435
22.35,0.031813613100211
22.36,0.0265332660315582
22.37,0.0173917342640317
22.38,0.00499272331055998
22.39,-0.00989835423213654
22.4,-0.0264253126372814
22.41,-0.0437238861471328
22.42,-0.0609700236723205
22.43,-0.0773681922721599
22.44,-0.0921067722205964
22.45,-0.104325285475248
22.46,-0.113114612450471
22.47,-0.117561894568413
22.48,-0.116851147544429
22.49,-0.11040067466631
22.5,-0.0979866800765315
22.51,-0.0798033879337001
22.52,-0.0564346508765451
22.53,-0.0287504610621047
22.54,0.00222714464627928
22.55,0.0354471048173655
22.56,0.0699199074405172
22.57,0.104765926372406
22.58,0.139218294273508
22.59,0.172587847244058
22.6,0.204208532221273
22.61,0.233376676370024
22.62,0.259282061809487
22.63,0.280938492192249
22.64,0.297155284845359
22.65,0.306599184991346
22.66,0.307954747174242
22.67,0.300137755980385
22.68,0.282502120488448
22.69,0.25500326022932
22.7,0.218300765811681
22.71,0.173793551839839
22.72,0.123592443800108
22.73,0.070427110592159
22.74,0.0174614202174821
22.75,-0.0319851670473745
22.76,-0.0747495614271429
22.77,-0.108098275143247
22.78,-0.129936720636264
22.79,-0.138959541240722
22.8,-0.134750110250374
22.81,-0.117836718021873
22.82,-0.0896953870658634
22.83,-0.0526658278981986
22.84,-0.00975264931330054
22.85,0.0356815075792583
22.86,0.0802808877221978
22.87,0.121041496070665
22.88,0.155567658371299
22.89,0.18220939245101
22.9,0.200079862852352
22.91,0.208968136887434
22.92,0.209185452091687
22.93,0.201405820681323
22.94,0.18655373493044
22.95,0.165750212329605
22.96,0.140279956590798
22.97,0.111532468784471
22.98,0.0809160625927126
22.99,0.0497864924782101
23,0.0194203419524643
23.01,-0.00897035327881483
23.02,-0.0342022936209311
23.03,-0.0550886551374225
23.04,-0.07043811199498
23.05,-0.0791097868856504
23.06,-0.0801302126754431
23.07,-0.0728429394711473
23.08,-0.0570372985914043
23.09,-0.0330253898822663
23.1,-0.00168332876441562
23.11,0.035523865095653
23.12,0.0765655037130966
23.13,0.118976108843151
23.14,0.160101249537633
23.15,0.197383831864292
23.16,0.228595469342933
23.17,0.251978057047047
23.18,0.266332146025796
23.19,0.271086116311171
23.2,0.266319036027584
23.21,0.252696420915556
23.22,0.231334562218013
23.23,0.203649923813048
23.24,0.171235315759489
23.25,0.13576595821663
23.26,0.0989157026792292
23.27,0.0622700378769233
23.28,0.0272340197010838
23.29,-0.00505813660777976
23.3,-0.03380322360626
23.31,-0.0585185201362249
23.32,-0.078952190421317
23.33,-0.0949613795900131
23.34,-0.106427747514785
23.35,-0.113245881012648
23.36,-0.115362593778847
23.37,-0.11281724092904
23.38,-0.105750955939356
23.39,-0.0943894516212339
23.4,-0.0790279194099529
23.41,-0.0600435781093927
23.42,-0.0379321829241118
23.43,-0.0133448875082332
23.44,0.0128774702702906
23.45,0.0396616660198949
23.46,0.0656709348500825
23.47,0.0893281401329234
23.48,0.10891813049467
23.49,0.122762892831269
23.5,0.12942747479989
23.51,0.127890614552815
23.52,0.117637337060219
23.53,0.098681983136444
23.54,0.0715560436276114
23.55,0.0372895077026336
23.56,-0.00260057001777037
23.57,-0.0461296099415156
23.58,-0.0909226680064827
23.59,-0.134386785991809
23.6,-0.17396159375592
23.61,-0.207394503217945
23.62,-0.232977944091094
23.63,-0.249701214233415
23.64,-0.257317306211899
23.65,-0.256349064308818
23.66,-0.248020077232634
23.67,-0.234072148728748
23.68,-0.216481061876722
23.69,-0.197144357309187
23.7,-0.177624912807099
23.71,-0.159007623860757
23.72,-0.141895979866137
23.73,-0.126536380852792
23.74,-0.113011664789313
23.75,-0.101426239624802
23.76,-0.0920238762202829
23.77,-0.0852137281364261
23.78,-0.081518685993461
23.79,-0.081480352807197
23.8,-0.0855440276908412
23.81,-0.09393772068806
23.82,-0.106561094777011
23.83,-0.122895096843025
23.84,-0.14194171747346
23.85,-0.162206991680616
23.86,-0.181736543846159
23.87,-0.198219849953181
23.88,-0.209190504927179
23.89,-0.212317968933038
23.9,-0.205728660551447
23.91,-0.188282713208202
23.92,-0.159765412414611
23.93,-0.120974173772434
23.94,-0.0736859983523325
23.95,-0.0204985834946565
23.96,0.0354421080576095
23.97,0.0907866158702248
23.98,0.142332543292098
23.99,0.187313151132673
24,0.223586514774156
24.01,0.249721520887536
24.02,0.264995168197814
24.03,0.269333313212343
24.04,0.263239275622916
24.05,0.247740710285749
24.06,0.22434563699182
24.07,0.194962099391031
24.08,0.161751801143252
24.09,0.126948318041577
24.1,0.0926922556114601
24.11,0.0608976500374893
24.12,0.0331355329791776
24.13,0.0105347899469207
24.14,-0.00627909819667669
24.15,-0.0171891410708404
24.16,-0.0225350493916094
24.17,-0.0230223697264
24.18,-0.0196167875880289
24.19,-0.0134339130049158
24.2,-0.00562344110106576
24.21,0.00273438121824254
24.22,0.0106805770086048
24.23,0.0173657719747238
24.24,0.0220158081704822
24.25,0.0239221400184545
24.26,0.0224719890761895
24.27,0.0172101829033572
24.28,0.00791351091487103
24.29,-0.00534328377156641
24.3,-0.0221408690430898
24.31,-0.0416975909818788
24.32,-0.0629003503778085
24.33,-0.0843997949254794
24.34,-0.104758133460262
24.35,-0.12261206762836
24.36,-0.136809889165112
24.37,-0.146503317279086
24.38,-0.151209381047088
24.39,-0.150861240340249
24.4,-0.145828215292169
24.41,-0.13686571583859
24.42,-0.124983069505448
24.43,-0.111260009713587
24.44,-0.0966704165111164
24.45,-0.0819606625326895
24.46,-0.0675872377356833
24.47,-0.0536921640816775
24.48,-0.0401041794804216
24.49,-0.0263699472852922
24.5,-0.0118253487441934
24.51,0.00428560467935125
24.52,0.0226574441008893
24.53,0.0437756164707917
24.54,0.067814974351255
24.55,0.0946036556197586
24.56,0.123645787150839
24.57,0.154175402130981
24.58,0.185221029927091
24.59,0.215683013196812
24.6,0.244424253740236
24.61,0.270360172577846
24.62,0.292532371317399
24.63,0.310155486685596
24.64,0.322630203883258
24.65,0.329525348170322
24.66,0.330554425292095
24.67,0.325592613106679
24.68,0.314759079118521
24.69,0.298522940162952
24.7,0.277748523523541
24.71,0.253630688094037
24.72,0.227546445732237
24.73,0.200891017646738
24.74,0.174957881353022
24.75,0.150888949269847
24.76,0.129675013500117
24.77,0.112160979895791
24.78,0.099034592818753
24.79,0.090804456581463
24.8,0.0877688534044418
24.81,0.0899779868172206
24.82,0.0972069351697308
24.83,0.108948956622313
24.84,0.124411214354505
24.85,0.142489168103186
24.86,0.161726216400542
24.87,0.180304149926881
24.88,0.196119433840538
24.89,0.206961306807141
24.9,0.210751078770755
24.91,0.205773928062339
24.92,0.19084732259959
24.93,0.165418582217489
24.94,0.129627668800883
24.95,0.0843551896814798
24.96,0.0312271782020368
24.97,-0.0274606240553474
24.98,-0.088900800390475
24.99,-0.149982256765923
25,-0.207510482884324
25.01,-0.258425322492967
25.02,-0.300025041108289
25.03,-0.330185654873028
25.04,-0.347517082192493
25.05,-0.351405815227148
25.06,-0.341963970826833
25.07,-0.319942019856366
25.08,-0.286641017105804
25.09,-0.24383680870626
25.1,-0.193707785910595
25.11,-0.13873102499038
25.12,-0.0815249330300534
25.13,-0.0246654945105419
25.14,0.0294783325426321
25.15,0.0788728214659562
25.16,0.121927722853395
25.17,0.157596468370816
25.18,0.185438908341505
25.19,0.205598959601454
25.2,0.218687994955094
25.21,0.225610422134884
25.22,0.227379229678862
25.23,0.224972405287162
25.24,0.219278620790114
25.25,0.211132117985152
25.26,0.201372900998438
25.27,0.190862853519103
25.28,0.18043490704489
25.29,0.170801785478399
25.3,0.162475969209739
25.31,0.155733677801809
25.32,0.150617007942759
25.33,0.146964289201955
25.34,0.144476812897822
25.35,0.14282076862019
25.36,0.141729033969985
25.37,0.141046822694656
25.38,0.140687286176907
25.39,0.140524012636593
25.4,0.140297598915438
25.41,0.139604045458623
25.42,0.137970471927281
25.43,0.134957995507161
25.44,0.130216261787871
25.45,0.123464852774388
25.46,0.114441766469273
25.47,0.102876392143671
25.48,0.0885158729232365
25.49,0.0712002137154915
25.5,0.0509616113164123
25.51,0.0281121038605314
25.52,0.0032781986913589
25.53,-0.0226499972481573
25.54,-0.0486499976993288
25.55,-0.0737256746281404
25.56,-0.097034426472856
25.57,-0.117961100346631
25.58,-0.136153109139072
25.59,-0.1515377368079
25.6,-0.164314935269939
25.61,-0.17489238038705
25.62,-0.183758439851129
25.63,-0.191349698095474
25.64,-0.197974619218571
25.65,-0.203794158917063
25.66,-0.208818490029683
25.67,-0.212894369254295
25.68,-0.215690182538448
25.69,-0.216704326222704
25.7,-0.215317882928982
25.71,-0.21088050898654
25.72,-0.202793095168648
25.73,-0.190570786175583
25.74,-0.173905753812843
25.75,-0.152753190491982
25.76,-0.127434956814966
25.77,-0.0987149957479967
25.78,-0.0677867566202295
25.79,-0.0361502800559807
25.8,-0.00541161526186017
25.81,0.0229326219944717
25.82,0.0476615108433344
25.83,0.0679070868701843
25.84,0.0831475542624621
25.85,0.093156933568767
25.86,0.0979460398300533
25.87,0.0976995382362439
25.88,0.0927134922902145
25.89,0.0833704787824362
25.9,0.0701827025053041
25.91,0.0538618966710058
25.92,0.0353311720302428
25.93,0.0156519358431528
25.94,-0.00407671044301792
25.95,-0.0227896355779044
25.96,-0.0395075422108373
25.97,-0.0534041819964814
25.98,-0.0638876230444817
25.99,-0.0706598676488104
26,-0.0737169621177977
26.01,-0.0732710923543127
26.02,-0.0696243380319041
26.03,-0.0630738796156585
26.04,-0.0539091440731124
26.05,-0.0424810471904162
26.06,-0.0292711071858314
26.07,-0.0148984594714178
26.08,-4.75407232645051e-05
26.09,0.0146459769456688
26.1,0.0286776977144271
26.11,0.0416709682259994
26.12,0.0533049063154694
26.13,0.0632538838842979
26.14,0.0711917883987359
26.15,0.0768259825289655
26.16,0.0799028082920842
26.17,0.0801883177647095
26.18,0.0774557874935849
26.19,0.0714748521962974
26.2,0.0619859339773436
26.21,0.0486821114803421
26.22,0.0312395339864601
26.23,0.00940548405051166
26.24,-0.0168836761679336
26.25,-0.0473894387589272
26.26,-0.0814938393258954
26.27,-0.118186346947341
26.28,-0.156128939445469
26.29,-0.193785594643698
26.3,-0.229579362126309
26.31,-0.262038726944421
26.32,-0.289909269984814
26.33,-0.312213957428689
26.34,-0.32824828756233
26.35,-0.337519458787733
26.36,-0.339670900771742
26.37,-0.334440578824697
26.38,-0.321683581031622
26.39,-0.301462962532957
26.4,-0.274175374437443
26.41,-0.240647405420097
26.42,-0.202158817719687
26.43,-0.160400504541893
26.44,-0.117384606409575
26.45,-0.0753038514590445
26.46,-0.0363527226639588
26.47,-0.00254937064478429
26.48,0.0244133642574233
26.49,0.0432767686533449
26.5,0.0532783779927467
26.51,0.0541794463683696
26.52,0.0462934985768359
26.53,0.0305394338136062
26.54,0.00849341899749121
26.55,-0.0176262031527621
26.56,-0.0450910596014204
26.57,-0.070893460557032
26.58,-0.0920034525380621
26.59,-0.105596985940174
26.6,-0.109254402172688
26.61,-0.101155487212369
26.62,-0.0802769048044158
26.63,-0.046551814720976
26.64,-0.000939244850613652
26.65,0.0545984883933264
26.66,0.117176201304999
26.67,0.183124932886467
26.68,0.248222308257293
26.69,0.308017579824666
26.7,0.358209421140764
26.71,0.395018916880715
26.72,0.415514658551145
26.73,0.417870487466044
26.74,0.401536208970912
26.75,0.367281486646788
26.76,0.317088635812143
26.77,0.253924162682326
26.78,0.181441785876596
26.79,0.103652920093155
26.8,0.0246023400071484
26.81,-0.0518995045745402
26.82,-0.122461409916107
26.83,-0.18423554167792
26.84,-0.235016626176952
26.85,-0.273329066976078
26.86,-0.298491190371367
26.87,-0.310641219128483
26.88,-0.31072697254998
26.89,-0.300470134502936
26.9,-0.282282993810831
26.91,-0.25908475831465
26.92,-0.233995901473819
26.93,-0.209960801477393
26.94,-0.189394072582139
26.95,-0.173933388804824
26.96,-0.164340259063026
26.97,-0.16055142064772
26.98,-0.161843956979566
26.99,-0.167049265075864
27,-0.174763728192188
27.01,-0.183541535940048
27.02,-0.192066540984001
27.03,-0.199277308313537
27.04,-0.204412158382353
27.05,-0.206969282841771
27.06,-0.206608240702042
27.07,-0.203033619585029
27.08,-0.19589998530635
27.09,-0.184768684579635
27.1,-0.169144049264998
27.11,-0.148600837036746
27.12,-0.122969650855541
27.13,-0.0925079330769746
27.14,-0.0579887952119379
27.15,-0.0206781340285797
27.16,0.0177901128438966
27.17,0.0556088745825447
27.18,0.0910185693602731
27.19,0.122495573069688
27.2,0.148859555798704
27.21,0.169296870345035
27.22,0.183344159490479
27.23,0.190875166363675
27.24,0.192091033703379
27.25,0.187490128589114
27.26,0.177809291283727
27.27,0.163949041674244
27.28,0.14690165914778
27.29,0.127693626167798
27.3,0.107331147718413
27.31,0.0867204716818892
27.32,0.0665533689908492
27.33,0.0471915042354057
27.34,0.0286122328942537
27.35,0.0104711541340236
27.36,-0.00771016156351941
27.37,-0.0262906353090042
27.38,-0.045287336865715
27.39,-0.0642578550998344
27.4,-0.0823029190455485
27.41,-0.0981651287387436
27.42,-0.110399543600225
27.43,-0.11759623622838
27.44,-0.118616259647574
27.45,-0.112788453283541
27.46,-0.100027677223666
27.47,-0.0808587521327008
27.48,-0.0563489100871165
27.49,-0.0279671768547136
27.5,0.00259158060215918
27.51,0.0335714560232741
27.52,0.0632868022545176
27.53,0.0902271746266762
27.54,0.113145313129125
27.55,0.131132730698802
27.56,0.14368174594428
27.57,0.150716315679786
27.58,0.152568782947406
27.59,0.149893860761233
27.6,0.143529653507214
27.61,0.134339504333802
27.62,0.123087369770787
27.63,0.110381959822004
27.64,0.0966852471308435
27.65,0.0823669971290912
27.66,0.0677928853824165
27.67,0.0534233736172495
27.68,0.039883720882282
27.69,0.0279670465865886
27.7,0.018554569974974
27.71,0.0124819217197818
27.72,0.0104208475693667
27.73,0.012824253705159
27.74,0.0199072724165983
27.75,0.0315955147593234
27.76,0.0474168894920957
27.77,0.0663938431688762
27.78,0.0870206126329541
27.79,0.107367973457595
27.8,0.125296425106711
27.81,0.138720925591216
27.82,0.145868642838887
27.83,0.145484008028615
27.84,0.13693495352279
27.85,0.12019128059849
27.86,0.0957082490435339
27.87,0.0642958750152027
27.88,0.02703468971382
27.89,-0.0147561406327052
27.9,-0.0595305226532488
27.91,-0.10554171006516
27.92,-0.150901223884191
27.93,-0.193670991601003
27.94,-0.231970160844706
27.95,-0.26407413644294
27.96,-0.288505678014286
27.97,-0.304123898992885
27.98,-0.310189998812084
27.99,-0.306387737307337
28,-0.292825863620875
28.01,-0.270075406987695
28.02,-0.239246038967449
28.03,-0.202044449561006
28.04,-0.160753629665406
28.05,-0.118099940100738
28.06,-0.0769961057227405
28.07,-0.0401910177962511
28.08,-0.00992536329256666
28.09,0.0122950472010926
28.1,0.0257719241747916
28.11,0.0305694601242558
28.12,0.0273941816933243
28.13,0.0174363676773533
28.14,0.0022202230791817
28.15,-0.0165124078015211
28.16,-0.0369053311651873
28.17,-0.0571089821548386
28.18,-0.0754338723978704
28.19,-0.0905318699055751
28.2,-0.101565622501589
28.21,-0.108305726707235
28.22,-0.111127555237759
28.23,-0.110923171262904
28.24,-0.108954457760257
28.25,-0.106674430314843
28.26,-0.105544221595594
28.27,-0.106856451996497
28.28,-0.111564007091998
28.29,-0.120129044156905
28.3,-0.13241973545122
28.31,-0.147669551546167
28.32,-0.164504701273978
28.33,-0.181057207128187
28.34,-0.195183910935883
28.35,-0.204780629805932
28.36,-0.208134439047621
28.37,-0.204230677987597
28.38,-0.192938815277757
28.39,-0.175031539023733
28.4,-0.152030846261642
28.41,-0.125921541376953
28.42,-0.0988208583998744
28.43,-0.0727122215068623
28.44,-0.0493036937067925
28.45,-0.0299874276380436
28.46,-0.0158413653995822
28.47,-0.00763707879369633
28.48,-0.00583721774680815
28.49,-0.0105693153856657
28.5,-0.0215710517858105
28.51,-0.0381240864440943
28.52,-0.0590165051413926
28.53,-0.0825717091418142
28.54,-0.106758820902876
28.55,-0.129376123156084
28.56,-0.148277979259117
28.57,-0.161606406778027
28.58,-0.167987306669271
28.59,-0.166650641142516
28.6,-0.157458362342203
28.61,-0.140866543113185
28.62,-0.117858715465472
28.63,-0.0898612712939959
28.64,-0.0586278469163693
28.65,-0.026085207654423
28.66,0.00583612810301933
28.67,0.0353496957989491
28.68,0.060929586892473
28.69,0.0814059567141798
28.7,0.0960273141276367
28.71,0.104459762956726
28.72,0.106724954169609
28.73,0.103121568507036
28.74,0.0941713021326823
28.75,0.0805839520369542
28.76,0.0632005098716399
28.77,0.0428924371402795
28.78,0.0204556843876012
28.79,-0.00343697142755101
28.8,-0.0282063408102391
28.81,-0.0532901153825837
28.82,-0.0780614255376999
28.83,-0.10178704998355
28.84,-0.123652082560895
28.85,-0.14283230986114
28.86,-0.158575764323208
28.87,-0.170271964516413
28.88,-0.177499712967984
28.89,-0.180047538778314
28.9,-0.177905625393009
28.91,-0.171235490477225
28.92,-0.160335840703267
28.93,-0.145629518945215
28.94,-0.127689001272396
28.95,-0.107294306069492
28.96,-0.0854808917541247
28.97,-0.0635197676061315
28.98,-0.0428017970182661
28.99,-0.0246490365365493
29,-0.0101212399215908
29.01,9.86862013068409e-05
29.02,0.00570368136150129
29.03,0.0066907293938984
29.04,0.00329557197207254
29.05,-0.00402870681934507
29.06,-0.0146139065753174
29.07,-0.0276082430485841
29.08,-0.0420533556726005
29.09,-0.0569786515498802
29.1,-0.0714725611303904
29.11,-0.0847048680818705
29.12,-0.0959002780526398
29.13,-0.104288723885914
29.14,-0.109067865171213
29.15,-0.109413664530403
29.16,-0.104565003912527
29.17,-0.0939665439893467
29.18,-0.0774096000740078
29.19,-0.0551289535537365
29.2,-0.0278705645834285
29.21,0.00305499287411118
29.22,0.0357736049953136
29.23,0.0679510737734682
29.24,0.0969896683595489
29.25,0.120267798763946
29.26,0.135382591006256
29.27,0.140381080699422
29.28,0.133975280882506
29.29,0.115727342770393
29.3,0.0861810338098
29.31,0.0469115659907417
29.32,0.00046633805693116
29.33,-0.0498140760738061
29.34,-0.100080173311812
29.35,-0.146334074963661
29.36,-0.184821294900418
29.37,-0.212397784050961
29.38,-0.226835813602264
29.39,-0.227045743612529
29.4,-0.213175195550669
29.41,-0.186558158381822
29.42,-0.149535382133863
29.43,-0.10519119142355
29.44,-0.0570371690193757
29.45,-0.00866781802467581
29.46,0.0365662970411717
29.47,0.0758139103894993
29.48,0.106887140989014
29.49,0.128358069868436
29.5,0.139609059290214
29.51,0.140829347100267
29.52,0.132950583428145
29.53,0.11752751697804
29.54,0.0965648325802704
29.55,0.0722980231835097
29.56,0.0469730591150523
29.57,0.0226807851546574
29.58,0.00125484579582863
29.59,-0.0158020321725879
29.6,-0.0273898026709247
29.61,-0.0328820666044151
29.62,-0.0321844027314359
29.63,-0.0257506652694489
29.64,-0.0145154291604943
29.65,0.000273506550730391
29.66,0.0172840576415876
29.67,0.0353176548231236
29.68,0.0534518126050234
29.69,0.0710710183011861
29.7,0.0877904662519322
29.71,0.103334766125491
29.72,0.117450369421942
29.73,0.129872316878477
29.74,0.140313225132265
29.75,0.148450867320166
29.76,0.153913548065466
29.77,0.156274249523361
29.78,0.155075573910554
29.79,0.149898991370916
29.8,0.140462487158592
29.81,0.126711805575785
29.82,0.108873716351654
29.83,0.0874570695615188
29.84,0.0632094353909583
29.85,0.0370523673896295
29.86,0.0100165840657508
29.87,-0.0168157152836618
29.88,-0.0423573838750433
29.89,-0.0655398277374727
29.9,-0.0853137105187813
29.91,-0.100654114917537
29.92,-0.110600665328053
29.93,-0.114338163435378
29.94,-0.111300341101885
29.95,-0.101275810012253
29.96,-0.0844902562823318
29.97,-0.0616210959154903
29.98,-0.0337116025939181
29.99,-0.00200831763337436
30,0.0322011965555102
30.01,0.0676696029405386
30.02,0.103166105764765
30.03,0.137407375806701
30.04,0.169038228362518
30.05,0.19671679230021
30.06,0.219286249696141
30.07,0.23595433074122
30.08,0.246390523989277
30.09,0.250704776281706
30.1,0.249336567668873
30.11,0.242912540162034
30.12,0.232134145686512
30.13,0.217732280888091
30.14,0.200474739416346
30.15,0.181183499695567
30.16,0.160742904316585
30.17,0.14011628370157
30.18,0.120378676585169
30.19,0.102723886350303
30.2,0.0883914674925539
30.21,0.0785167753529737
30.22,0.0739599438698959
30.23,0.0751562422144174
30.24,0.0820005346197911
30.25,0.0937882261868115
30.26,0.10925467383802
30.27,0.12672864543325
30.28,0.144347766464584
30.29,0.160248757408564
30.3,0.172688380424956
30.31,0.180122586169291
30.32,0.181298920192363
30.33,0.17538598255187
30.34,0.162109647423196
30.35,0.14183581736931
30.36,0.11555434890399
30.37,0.0847635003388202
30.38,0.0512962019234002
30.39,0.0171394530726615
30.4,-0.0157222809202617
30.41,-0.0454318811413478
30.42,-0.0703606082769089
30.43,-0.0892070470861393
30.44,-0.101111270887424
30.45,-0.105765906376667
30.46,-0.103471394936863
30.47,-0.0950923953064199
30.48,-0.081912883316558
30.49,-0.0654231371082987
30.5,-0.04710245033315
30.51,-0.0282711545512435
30.52,-0.010036180639144
30.53,0.00671446937976487
30.54,0.0213202536715873
30.55,0.0333671621543543
30.56,0.0427008998231602
30.57,0.0494270344902977
30.58,0.0538901098821813
30.59,0.0566131248178793
30.6,0.0582013910430474
30.61,0.0592520931057421
30.62,0.0603013961697851
30.63,0.0617996893229917
30.64,0.0640922783972314
30.65,0.0673920516990486
30.66,0.0717362953547424
30.67,0.0769393595541242
30.68,0.0825790872351524
30.69,0.0880469195950095
30.7,0.0926534574083269
30.71,0.0957454298380253
30.72,0.0967751126932497
30.73,0.0952923551609119
30.74,0.0908990215054349
30.75,0.0832447931160231
30.76,0.0720967239675592
30.77,0.0574360518481176
30.78,0.0395162695682133
30.79,0.0188643259893045
30.8,-0.00374689884758726
30.81,-0.0273322397781251
30.82,-0.0507438167049333
30.83,-0.0727540135595014
30.84,-0.0921716216825391
30.85,-0.107969651300076
30.86,-0.119383948041514
30.87,-0.125944749408844
30.88,-0.127440918155569
30.89,-0.123860355940655
30.9,-0.115360390252087
30.91,-0.102279362869028
30.92,-0.0851504577480023
30.93,-0.064687901036086
30.94,-0.0417524108753707
30.95,-0.0173044057419638
30.96,0.00765474072285014
30.97,0.0321437134642151
30.98,0.0552543911773542
30.99,0.0762014943819476
31,0.0943816280966511
31.01,0.109443050453441
31.02,0.121337487392832
31.03,0.130309109688535
31.04,0.136805686552148
31.05,0.14134680082318
31.06,0.144398829451899
31.07,0.146284522910234
31.08,0.147142251711519
31.09,0.146955033293371
31.1,0.145655150008108
31.11,0.14327249388738
31.12,0.140065463813076
31.13,0.136568999441288
31.14,0.133528713070151
31.15,0.131753155673758
31.16,0.13195065266436
31.17,0.134599318156352
31.18,0.139866077022852
31.19,0.147574355081965
31.2,0.15722116422211
31.21,0.168043857606731
31.22,0.17912775748609
31.23,0.189538479885523
31.24,0.198452168622969
31.25,0.205241962006347
31.26,0.209487518864196
31.27,0.21091874779245
31.28,0.209341773826412
31.29,0.20458169431098
31.3,0.196448520890462
31.31,0.184737688550693
31.32,0.169282891577721
31.33,0.150049777391775
31.34,0.127227450588454
31.35,0.101279132158998
31.36,0.0729414867322127
31.37,0.0431870674016871
31.38,0.0131723794845751
31.39,-0.0158164029802743
31.4,-0.0424240723391258
31.41,-0.065302735602695
31.42,-0.0832019948631221
31.43,-0.0950609635506834
31.44,-0.100103980870597
31.45,-0.0979548360285453
31.46,-0.0887567763274732
31.47,-0.0732410361718286
31.48,-0.0526883003464641
31.49,-0.028785051636711
31.5,-0.0034275606772148
31.51,0.0214713268497095
31.52,0.0441474174585832
31.53,0.0631272332189472
31.54,0.0773511810438126
31.55,0.0862623063023146
31.56,0.0898423813250001
31.57,0.088584403589439
31.58,0.0833998401808078
31.59,0.0754765394751421
31.6,0.0661093661722995
31.61,0.0565249841421157
31.62,0.0477351070547071
31.63,0.0404515674815102
31.64,0.0350678631015755
31.65,0.0316862254663888
31.66,0.030161722918813
31.67,0.0301460695661486
31.68,0.0311378427347384
31.69,0.0325500109876212
31.7,0.0337809386953151
31.71,0.0342655666935553
31.72,0.0335074010512592
31.73,0.0311131500574477
31.74,0.0268430663939528
31.75,0.0206654015010649
31.76,0.0128004635172694
31.77,0.00375957319099279
31.78,-0.00561992069022235
31.79,-0.0141785406825371
31.8,-0.0205292310799587
31.81,-0.0232527496566562
31.82,-0.0211328068059231
31.83,-0.0133465193160607
31.84,0.000426545493508953
31.85,0.0199632798225815
31.86,0.0445068026261021
31.87,0.0728221668244918
31.88,0.10329606207078
31.89,0.134084913426791
31.9,0.163304040875428
31.91,0.189209487363595
31.92,0.210318991900867
31.93,0.225470874069686
31.94,0.233855425633452
31.95,0.235041328818252
31.96,0.229002192313484
31.97,0.216139894474637
31.98,0.197287013069823
31.99,0.173668476664176
32,0.146827015491153
32.01,0.118533766747794
32.02,0.0906898750995761
32.03,0.0652082760000014
32.04,0.0438785724580087
32.05,0.0282340425613362
32.06,0.0194216595232741
32.07,0.0180568736343162
32.08,0.0240752020947055
32.09,0.0366434580786749
32.1,0.0542016481563997
32.11,0.0746640564824402
32.12,0.0957410840288959
32.13,0.115283774905987
32.14,0.131548777323972
32.15,0.143341268722831
32.16,0.150048131265101
32.17,0.151578527278149
32.18,0.14822705208636
32.19,0.140499554595196
32.2,0.128958181797463
32.21,0.114126119915206
32.22,0.0964700909163749
32.23,0.0764572946290166
32.24,0.054651769125649
32.25,0.0317990734647203
32.26,0.00886521692816805
32.27,-0.0129779282127706
32.28,-0.0324122004113358
32.29,-0.0480697905383005
32.3,-0.0586674710980655
32.31,-0.0631713942971446
32.32,-0.0609667123374078
32.33,-0.0519978716109962
32.34,-0.0368397839220337
32.35,-0.016656978602717
32.36,0.00695570656889628
32.37,0.0321949436977634
32.38,0.0572679584754402
32.39,0.080586659081761
32.4,0.100927414195748
32.41,0.117523647910162
32.42,0.130067080346858
32.43,0.138640707188577
32.44,0.143632782201143
32.45,0.145664621611537
32.46,0.145531937931413
32.47,0.144129508200379
32.48,0.14233503248204
32.49,0.140884391717046
32.5,0.140303384413769
32.51,0.140912835680723
32.52,0.142862176154623
32.53,0.14615158636978
32.54,0.150644816039845
32.55,0.156080131565002
32.56,0.16206316754546
32.57,0.168036653317219
32.58,0.173259024844943
32.59,0.176824137480775
32.6,0.177727784616367
32.61,0.174982993644803
32.62,0.167787975812903
32.63,0.155721329260447
32.64,0.138906270577256
32.65,0.118090981707996
32.66,0.0946237885945806
32.67,0.0703322053249102
32.68,0.0473343268497741
32.69,0.0278139744962095
32.7,0.0137852652177555
32.71,0.00687210308160242
32.72,0.00812846413836973
32.73,0.0179213018558282
32.74,0.0358904655187887
32.75,0.0609784576300398
32.76,0.0915005571920574
32.77,0.125243534390288
32.78,0.15961932910848
32.79,0.191894111413139
32.8,0.219472745620447
32.81,0.240195569452537
32.82,0.252592208863294
32.83,0.256028349959584
32.84,0.250710468341533
32.85,0.237566280956472
32.86,0.21804399696814
32.87,0.193878840918556
32.88,0.16687978061872
32.89,0.138776455093582
32.9,0.111141259383568
32.91,0.0853760908002314
32.92,0.0627227066710499
32.93,0.0442487225427421
32.94,0.0307975819613241
32.95,0.0229228075530137
32.96,0.020827957541682
32.97,0.0243369435130233
32.98,0.0329212215097368
32.99,0.0457814844119591
33,0.0619517459192137
33.01,0.0803981674294728
33.02,0.10009752136405
33.03,0.1200745067869
33.04,0.139382657043772
33.05,0.157058325417222
33.06,0.172109150770635
33.07,0.183560173514766
33.08,0.190525520415131
33.09,0.192273660119622
33.1,0.188281023493049
33.11,0.178271729402655
33.12,0.162234343582582
33.13,0.140413697592365
33.14,0.113289076526483
33.15,0.0815599081710257
33.16,0.0461588707703742
33.17,0.00829407720581784
33.18,-0.0305098804401016
33.19,-0.0684318816525483
33.2,-0.103479896538181
33.21,-0.133690636651064
33.22,-0.157306940727046
33.23,-0.172863606785968
33.24,-0.179203904125279
33.25,-0.175499495060928
33.26,-0.16131265318807
33.27,-0.136692008156581
33.28,-0.102280773890158
33.29,-0.0594046498997384
33.3,-0.0100902478044282
33.31,0.0430223950458223
33.32,0.0968749975417081
33.33,0.148262735021436
33.34,0.194128058348607
33.35,0.231814923125172
33.36,0.259240269519885
33.37,0.274982027623284
33.38,0.278309549627501
33.39,0.269169399029751
33.4,0.248132373391436
33.41,0.216324147515954
33.42,0.175356347964127
33.43,0.127253946403552
33.44,0.0743782891049836
33.45,0.0193476430975244
33.46,-0.0350594365294298
33.47,-0.0860269889641622
33.48,-0.130836858330962
33.49,-0.16700935490264
33.5,-0.192459735829034
33.51,-0.205671262278838
33.52,-0.205864043708026
33.53,-0.193116921532513
33.54,-0.16838715265185
33.55,-0.133403551478924
33.56,-0.090470435081668
33.57,-0.0422481914688205
33.58,0.00844055917690159
33.59,0.0587622655440907
33.6,0.106003252499081
33.61,0.147716404294799
33.62,0.181877915573348
33.63,0.207000593879876
33.64,0.22216534948912
33.65,0.226989826412223
33.66,0.221574877146817
33.67,0.206448076483092
33.68,0.1825158240523
33.69,0.151036408158144
33.7,0.113605279979767
33.71,0.0721303614444449
33.72,0.0287825213518595
33.73,-0.0140918241052601
33.74,-0.0541045261970214
33.75,-0.0889919157521413
33.76,-0.116783387818897
33.77,-0.135946914699407
33.78,-0.145495061951494
33.79,-0.145043894464738
33.8,-0.134825441081998
33.81,-0.115653398079191
33.82,-0.088837530511927
33.83,-0.0560502895607874
33.84,-0.0191666292103632
33.85,0.0198966367674992
33.86,0.0593233867848961
33.87,0.0975053512883604
33.88,0.13310160155216
33.89,0.165053491189217
33.9,0.192558659631479
33.91,0.215004231275665
33.92,0.231874174523217
33.93,0.242659946410597
33.94,0.246806546761072
33.95,0.243723413960044
33.96,0.232872296813378
33.97,0.213904907753319
33.98,0.186788808045715
33.99,0.151876282696513
34,0.109921175211824
34.01,0.0620669845118282
34.02,0.00980946116905683
34.03,-0.045074932963042
34.04,-0.100631828669514
34.05,-0.154851612794007
34.06,-0.205805004584643
34.07,-0.251779148322796
34.08,-0.29138351302845
34.09,-0.32359127111155
34.1,-0.347711050006455
34.11,-0.363327106692365
34.12,-0.370255310759641
34.13,-0.368531834249336
34.14,-0.358424151135664
34.15,-0.340442511344146
34.16,-0.315329940487813
34.17,-0.284026797808797
34.18,-0.247625801137077
34.19,-0.207340964155913
34.2,-0.164514309739972
34.21,-0.120664644809437
34.22,-0.0775387845266697
34.23,-0.037100791240911
34.24,-0.00142655057799265
34.25,0.0274689582853862
34.26,0.0478174558512843
34.27,0.0582704103186313
34.28,0.0580738239637195
34.29,0.047245841336277
34.3,0.0266980292829539
34.31,-0.00177465985152122
34.32,-0.0356471136890258
34.33,-0.0719117614251443
34.34,-0.107369425025456
34.35,-0.138919886812141
34.36,-0.163797861652075
34.37,-0.179719936741398
34.38,-0.184965853088512
34.39,-0.178446420656425
34.4,-0.159785190168708
34.41,-0.129393717621901
34.42,-0.0884852624511059
34.43,-0.038980021663748
34.44,0.0166883193423044
34.45,0.0757968277219042
34.46,0.13552022422036
34.47,0.193064382026285
34.48,0.245769187249936
34.49,0.29119968461505
34.5,0.327229591495541
34.51,0.352128249225833
34.52,0.364676646282151
34.53,0.364308858407864
34.54,0.351214024695977
34.55,0.32633381839655
34.56,0.291262146635869
34.57,0.248096235386245
34.58,0.199269584942045
34.59,0.147381340763087
34.6,0.0950386738938994
34.61,0.0447205236243321
34.62,-0.00133993143330013
34.63,-0.0412603774236714
34.64,-0.0736109076499362
34.65,-0.0975164517234414
34.66,-0.11274888986331
34.67,-0.119775979533135
34.68,-0.119715194970482
34.69,-0.114155721661726
34.7,-0.104885740207143
34.71,-0.0936315753367478
34.72,-0.0818870692361398
34.73,-0.070826791832503
34.74,-0.0612716602557747
34.75,-0.0537042764434809
34.76,-0.0483339770032812
34.77,-0.0451776369061981
34.78,-0.0440957573979938
34.79,-0.044750476999035
34.8,-0.0465256333724322
34.81,-0.0484962731672232
34.82,-0.0495120380457009
34.83,-0.048384860676505
34.84,-0.0440999703677573
34.85,-0.0359667712891109
34.86,-0.0236920790855068
34.87,-0.00740733348029444
34.88,0.0123335116391334
34.89,0.0345975555194498
34.9,0.0581600715103714
34.91,0.0816118009368327
34.92,0.10346311231703
34.93,0.122240377450712
34.94,0.136583663689784
34.95,0.145357177015125
34.96,0.14777764672301
34.97,0.143549389095191
34.98,0.132969088541057
34.99,0.116957208276312
35,0.0970069295497794
35.01,0.0750734520071231
35.02,0.0534142408385385
35.03,0.0343684052909724
35.04,0.0200824155063086
35.05,0.0122328043885187
35.06,0.0118081513841568
35.07,0.0189881201869118
35.08,0.0331415155227904
35.09,0.0529555838802506
35.1,0.0766614136362268
35.11,0.102272275504276
35.12,0.127780169853644
35.13,0.151321689939024
35.14,0.171337262249191
35.15,0.186713694769279
35.16,0.196876212344448
35.17,0.201801786884271
35.18,0.201942767883909
35.19,0.198072623846333
35.2,0.191101064663693
35.21,0.181921725072768
35.22,0.171321833600864
35.23,0.159935695717589
35.24,0.148213074209608
35.25,0.13640455212433
35.26,0.12458980011708
35.27,0.112747138789789
35.28,0.100821385730537
35.29,0.0887497337634849
35.3,0.0764394920923644
35.31,0.0637288285614427
35.32,0.0503887337409278
35.33,0.0362000496492884
35.34,0.0210695165343048
35.35,0.00511640337977375
35.36,-0.0113075357741976
35.37,-0.0276533633240619
35.38,-0.0432242294848365
35.39,-0.0572159815122439
35.4,-0.0687747479590197
35.41,-0.0770946392250228
35.42,-0.0815254564958166
35.43,-0.0816449264305684
35.44,-0.0772830685958566
35.45,-0.0685068031936975
35.46,-0.0555792004943297
35.47,-0.0389240826644854
35.48,-0.0191275724303947
35.49,0.00302392815203464
35.5,0.0265019159223745
35.51,0.0500223171999712
35.52,0.0720735440844671
35.53,0.0909927534399108
35.54,0.105099425457401
35.55,0.112880916632572
35.56,0.113190319371728
35.57,0.105396934301715
35.58,0.0894507163938666
35.59,0.0658582181973372
35.6,0.0355895812444495
35.61,-4.94785471447892e-05
35.62,-0.0395376072444991
35.63,-0.0812120280141327
35.64,-0.123287789868027
35.65,-0.163858887835235
35.66,-0.200941325877931
35.67,-0.232590130834836
35.68,-0.25706736341073
35.69,-0.272999736531163
35.7,-0.279482086207715
35.71,-0.276143439283276
35.72,-0.263210590514647
35.73,-0.241554215776959
35.74,-0.212666538283919
35.75,-0.178542731855997
35.76,-0.141480783669068
35.77,-0.103840020881911
35.78,-0.0678061462013797
35.79,-0.0352050449450849
35.8,-0.00739026178489484
35.81,0.0147828775066303
35.82,0.0308821522250363
35.83,0.0407310523747499
35.84,0.044219332025126
35.85,0.0411931494167839
35.86,0.031473853658898
35.87,0.0149697527127045
35.88,-0.00818706011626032
35.89,-0.0375230464084936
35.9,-0.0721431618638824
35.91,-0.110698327540486
35.92,-0.151412021096196
35.93,-0.192176442972817
35.94,-0.230698888572321
35.95,-0.264645612984865
35.96,-0.291750280395782
35.97,-0.309903769135516
35.98,-0.317263483542156
35.99,-0.312409200873312
36,-0.294537287031232
36.01,-0.263641905238749
36.02,-0.220629169216318
36.03,-0.167345990145869
36.04,-0.106522486207508
36.05,-0.0416209988982197
36.06,0.0234102451399885
36.07,0.0844638269713613
36.08,0.137651641464016
36.09,0.179697280771401
36.1,0.208291295073935
36.11,0.222343964770143
36.12,0.222069798029169
36.13,0.208870698544439
36.14,0.185050474034597
36.15,0.153445935704792
36.16,0.117054623539334
36.17,0.0787000683691148
36.18,0.0407552701507793
36.19,0.00495839246286881
36.2,-0.0276322126665941
36.21,-0.0565371278783643
36.22,-0.0816829996591044
36.23,-0.103252925210244
36.24,-0.121591309055973
36.25,-0.137138193935859
36.26,-0.150368306249307
36.27,-0.161730791781242
36.28,-0.171598404448528
36.29,-0.180232662462639
36.3,-0.187761607048179
36.31,-0.194161966678951
36.32,-0.199241496750421
36.33,-0.202633420157064
36.34,-0.203824894454341
36.35,-0.2022259485993
36.36,-0.197269691129864
36.37,-0.188536343201475
36.38,-0.175889045705069
36.39,-0.159590120051665
36.4,-0.140360586330778
36.41,-0.119362657942251
36.42,-0.0980956553935236
36.43,-0.0782038742585671
36.44,-0.0612338195730945
36.45,-0.0484139544122295
36.46,-0.0405096941303083
36.47,-0.0377671961474935
36.48,-0.0399435173384327
36.49,-0.0463949283294922
36.5,-0.0561651336974347
36.51,-0.0680409351335008
36.52,-0.0806017767536441
36.53,-0.0923047441912308
36.54,-0.101614916419218
36.55,-0.107157561452155
36.56,-0.107856543639893
36.57,-0.103031854514831
36.58,-0.0924459520534174
36.59,-0.0763061058936133
36.6,-0.0552393060092858
36.61,-0.0302432615514987
36.62,-0.00260050094289031
36.63,0.0262445216442536
36.64,0.0548185250408909
36.65,0.0817324948420633
36.66,0.105762604990736
36.67,0.125904866761943
36.68,0.141420749990644
36.69,0.151884413338058
36.7,0.157213832830252
36.71,0.157649409565724
36.72,0.153666150305278
36.73,0.145855288014355
36.74,0.134829729274577
36.75,0.121170363295232
36.76,0.105396898968358
36.77,0.087955076953118
36.78,0.0692201599478279
36.79,0.0495077358077833
36.8,0.0290865780828051
36.81,0.00819909350004949
36.82,-0.0129085238726399
36.83,-0.033947117483296
36.84,-0.054537746151404
36.85,-0.0741741233433856
36.86,-0.0922222808839492
36.87,-0.107972812053226
36.88,-0.120736292921068
36.89,-0.129947334123048
36.9,-0.135228832148267
36.91,-0.13638268445413
36.92,-0.133322271682291
36.93,-0.126011551725298
36.94,-0.114468336527833
36.95,-0.0988247308207627
36.96,-0.0793871634314855
36.97,-0.0566554985164818
36.98,-0.0313148147369356
36.99,-0.00423178645043925
37,0.0235474743354419
37.01,0.0508349243489026
37.02,0.0763966750566377
37.03,0.0990828711307162
37.04,0.117933990625889
37.05,0.132232807217768
37.06,0.141530012925531
37.07,0.145673686157917
37.08,0.144816461769836
37.09,0.139366599143327
37.1,0.129905009888687
37.11,0.117108001593916
37.12,0.101684784392081
37.13,0.0843317260210591
37.14,0.0657129109830562
37.15,0.046462742096476
37.16,0.0271949752372809
37.17,0.0085086613457155
37.18,-0.00901607927027609
37.19,-0.0248504138630732
37.2,-0.0385947946041622
37.21,-0.0500786555307257
37.22,-0.0594088156285076
37.23,-0.0669116043995254
37.24,-0.0729963673103138
37.25,-0.0780255707687507
37.26,-0.0822551454392486
37.27,-0.0858463230613279
37.28,-0.0889117751764018
37.29,-0.0915638415065868
37.3,-0.0939485264208793
37.31,-0.096248813493409
37.32,-0.0986488464711522
37.33,-0.101282361261257
37.34,-0.10419990692219
37.35,-0.1073622184743
37.36,-0.110648076413337
37.37,-0.113866188208826
37.38,-0.11676112424343
37.39,-0.119018621158822
37.4,-0.120304774979408
37.41,-0.120361232654437
37.42,-0.119115416531399
37.43,-0.116736937218341
37.44,-0.11362210975283
37.45,-0.110336821371428
37.46,-0.107533146176669
37.47,-0.10583127000075
37.48,-0.10568072690826
37.49,-0.107255982136735
37.5,-0.110437667188197
37.51,-0.114869559398945
37.52,-0.12003666235448
37.53,-0.125334271554086
37.54,-0.130135916972139
37.55,-0.133867397055546
37.56,-0.136075464690573
37.57,-0.136463210181726
37.58,-0.134866328341791
37.59,-0.131183234045175
37.6,-0.125314261260964
37.61,-0.117164169609255
37.62,-0.106718116557833
37.63,-0.0941534460046537
37.64,-0.0799372867097831
37.65,-0.0648736835416539
37.66,-0.0500751362693309
37.67,-0.0368521404725061
37.68,-0.026550865685266
37.69,-0.0203903365165458
37.7,-0.0193241586525544
37.71,-0.0239140676400568
37.72,-0.0342207897645194
37.73,-0.049765504315028
37.74,-0.0696025285724575
37.75,-0.0924775175095405
37.76,-0.117005862634248
37.77,-0.141815827381101
37.78,-0.1656326523697
37.79,-0.187310233943191
37.8,-0.205827383312168
37.81,-0.220253721215465
37.82,-0.229691739394799
37.83,-0.233238822546918
37.84,-0.230032124439708
37.85,-0.219385536044666
37.86,-0.200951895760183
37.87,-0.174836207913535
37.88,-0.141642302774841
37.89,-0.102469588616968
37.9,-0.0588642694745429
37.91,-0.0127299961142893
37.92,0.0337752701590014
37.93,0.0783382173983942
37.94,0.118605244045643
37.95,0.152349941228016
37.96,0.177695840665858
37.97,0.193340474184659
37.98,0.19870147411299
37.99,0.193933188116797
38,0.179819283792574
38.01,0.157597395735321
38.02,0.128785550406257
38.03,0.0950588387232171
38.04,0.0581947972070984
38.05,0.020069796668818
38.06,-0.0173464171585613
38.07,-0.0520507240284313
38.08,-0.0821399865167645
38.09,-0.105998508433827
38.1,-0.122488326719626
38.11,-0.131083356976895
38.12,-0.131916919086133
38.13,-0.125747939953648
38.14,-0.113866962106684
38.15,-0.0979620439754686
38.16,-0.0799626360600501
38.17,-0.0618800882358673
38.18,-0.0456496345673962
38.19,-0.0329597206812489
38.2,-0.0250757884676983
38.21,-0.0227153085594266
38.22,-0.0260256557447418
38.23,-0.0346438234366955
38.24,-0.0477739656349389
38.25,-0.0642570313860293
38.26,-0.0826579657350661
38.27,-0.101388627835943
38.28,-0.118846402922528
38.29,-0.133544113889817
38.3,-0.144232093009963
38.31,-0.150013136352873
38.32,-0.150418270830988
38.33,-0.145410655891627
38.34,-0.135341758110242
38.35,-0.12091609476314
38.36,-0.103171283000584
38.37,-0.083415159406535
38.38,-0.0630675952914471
38.39,-0.0434268253624451
38.4,-0.0254399331491232
38.41,-0.00955303742227557
38.42,0.00432105844739152
38.43,0.0167118237687803
38.44,0.0284051037360856
38.45,0.0402260493973639
38.46,0.0528491833890842
38.47,0.0666523152356246
38.48,0.0816115530952358
38.49,0.0972440818356668
38.5,0.11260823432976
38.51,0.126368122664816
38.52,0.136937887514946
38.53,0.142719783460551
38.54,0.142407360482882
38.55,0.135260649051915
38.56,0.121253546527913
38.57,0.101064413461682
38.58,0.0759499763884444
38.59,0.0475555719193494
38.6,0.0177010311065979
38.61,-0.0118277695916927
38.62,-0.039461742668974
38.63,-0.0639942372393173
38.64,-0.084673968372031
38.65,-0.101228516415244
38.66,-0.113821477649788
38.67,-0.122968331120264
38.68,-0.12942859723966
38.69,-0.134070206969463
38.7,-0.137709800284506
38.71,-0.140961052352826
38.72,-0.14413596264461
38.73,-0.147236754742704
38.74,-0.150041612029922
38.75,-0.152233839115997
38.76,-0.153507080913339
38.77,-0.153620599921592
38.78,-0.152426829908028
38.79,-0.149901471348419
38.8,-0.146180275571667
38.81,-0.141583047197148
38.82,-0.136607713307224
38.83,-0.13188414465197
38.84,-0.128069463767763
38.85,-0.12568185247898
38.86,-0.124920547231647
38.87,-0.125540931202872
38.88,-0.126824583852548
38.89,-0.127662594858304
38.9,-0.126763410474548
38.91,-0.122944231324243
38.92,-0.115386717886513
38.93,-0.103747237104252
38.94,-0.0881274975949231
38.95,-0.0690007464275928
38.96,-0.0471632683418212
38.97,-0.0237072248606713
38.98,2.28229170376469e-05
38.99,0.0225247770071516
39,0.0422977251811244
39.01,0.0580309517632152
39.02,0.0687728437467231
39.03,0.0740690756559621
39.04,0.0740764350649778
39.05,0.0696144564156972
39.06,0.0620899195434914
39.07,0.0532776887685242
39.08,0.0450188999629713
39.09,0.038929141482398
39.1,0.0361899230720127
39.11,0.037460877292959
39.12,0.0429000949321287
39.13,0.0522358495192389
39.14,0.0648491435015243
39.15,0.0798746953177103
39.16,0.0963193484002424
39.17,0.113150620759324
39.18,0.12932048415278
39.19,0.143759776994638
39.2,0.155414720574387
39.21,0.163350055904938
39.22,0.166867591651584
39.23,0.165577975693878
39.24,0.159415253961115
39.25,0.148609818700423
39.26,0.133627971538534
39.27,0.115098054365007
39.28,0.0937555579558056
39.29,0.0704244931427488
39.3,0.046026334023114
39.31,0.021587633532285
39.32,-0.00177826638904365
39.33,-0.0229144663388467
39.34,-0.0406787135131939
39.35,-0.0540206317719478
39.36,-0.0620865539516346
39.37,-0.0643366300348656
39.38,-0.0606291319923389
39.39,-0.051237197155328
39.4,-0.0368151742157181
39.41,-0.0183636002296722
39.42,0.00278219331928852
39.43,0.0249602264086671
39.44,0.0462304572599253
39.45,0.0644981706104469
39.46,0.0777175582530884
39.47,0.084148112516861
39.48,0.0826044628091275
39.49,0.0726218666069996
39.5,0.0544883911101076
39.51,0.0291675679072358
39.52,-0.00182038985948209
39.53,-0.0365175729574741
39.54,-0.0726497922302765
39.55,-0.107759074188301
39.56,-0.139350533242222
39.57,-0.165065284438844
39.58,-0.182879005807869
39.59,-0.191283730560323
39.6,-0.189397366587745
39.61,-0.176987314628899
39.62,-0.154444097492139
39.63,-0.122754526213806
39.64,-0.0834890889197503
39.65,-0.0387582864043348
39.66,0.0089247351026994
39.67,0.056885136855482
39.68,0.102574762456622
39.69,0.143825478853112
39.7,0.179004144537245
39.71,0.207055435688335
39.72,0.227462588747219
39.73,0.240162383164131
39.74,0.245441616413717
39.75,0.243845832017937
39.76,0.236125095505859
39.77,0.223217665628844
39.78,0.206254577029678
39.79,0.18656022783077
39.8,0.165621920516296
39.81,0.145009065747983
39.82,0.126242401243626
39.83,0.11063711513232
39.84,0.0991552160437219
39.85,0.0923089479957288
39.86,0.0901609038371027
39.87,0.0924326364256923
39.88,0.0986727016945036
39.89,0.108409062672879
39.9,0.121226183877573
39.91,0.136742049425097
39.92,0.154513105167856
39.93,0.173926914052848
39.94,0.194122973422193
39.95,0.213959019030732
39.96,0.232040866648859
39.97,0.246824383232292
39.98,0.256774561587016
39.99,0.260553341120711
40,0.257196933956636
40.01,0.246235241364412
40.02,0.227731003408389
40.03,0.202255345972528
40.04,0.170820117925969
40.05,0.134777951947884
40.06,0.0957108482760406
40.07,0.0553321467152389
40.08,0.0154182353915707
40.09,-0.0222277281871635
40.1,-0.0558140273436016
40.11,-0.0836572794421136
40.12,-0.104346298656163
40.13,-0.116916025689853
40.14,-0.120979523759743
40.15,-0.116797573509427
40.16,-0.105263854798547
40.17,-0.08779905132022
40.18,-0.0661941916491294
40.19,-0.042452366016515
40.2,-0.018641617914022
40.21,0.00325244363560996
40.22,0.0214836925842714
40.23,0.0347166097803543
40.24,0.0422016495886488
40.25,0.0439061023604743
40.26,0.0405276270667176
40.27,0.033355634945344
40.28,0.024018611147126
40.29,0.0141919249592595
40.3,0.00532252171662828
40.31,-0.00158853395717998
40.32,-0.00608900932817981
40.33,-0.00821840678900178
40.34,-0.00832133073944716
40.35,-0.00683319795529483
40.36,-0.00412037474604727
40.37,-0.00038211291146477
40.38,0.00440658878980689
40.39,0.0105104039402659
40.4,0.0183957602252448
40.41,0.0286333981262133
40.42,0.041745440808899
40.43,0.0580297406251849
40.44,0.0774160876135279
40.45,0.0993867829245357
40.46,0.122969496881313
40.47,0.146821054305003
40.48,0.169411861774812
40.49,0.189264467499989
40.5,0.205160249580223
40.51,0.216249278019492
40.52,0.222060227345234
40.53,0.222459595867506
40.54,0.217606872099744
40.55,0.207914519852744
40.56,0.193999544654413
40.57,0.176614919867974
40.58,0.156573804589677
40.59,0.134711293442185
40.6,0.111908109101965
40.61,0.0891303382009179
40.62,0.0674129087999359
40.63,0.0477690909770649
40.64,0.0310694856093391
40.65,0.0179421454350852
40.66,0.00871947404974095
40.67,0.00342759970412473
40.68,0.00180072250280419
40.69,0.00332162990818926
40.7,0.00730337711512497
40.71,0.0129952194123303
40.72,0.0196651080458532
40.73,0.0266348461419357
40.74,0.0332823489890258
40.75,0.0390308159064166
40.76,0.0433357236255799
40.77,0.0456752701115255
40.78,0.0455435779646143
40.79,0.0424546717996338
40.8,0.035984698189842
40.81,0.0258693275653305
40.82,0.0121405098865331
40.83,-0.00473534973261839
40.84,-0.0237769275729826
40.85,-0.0435318130734014
40.86,-0.0622665771076297
40.87,-0.078251410156871
40.88,-0.0900408695162635
40.89,-0.0966573050896457
40.9,-0.0976361583560914
40.91,-0.0929560349709278
40.92,-0.0829103011860416
40.93,-0.0679820683514358
40.94,-0.0487716916878297
40.95,-0.0259935859493963
40.96,-0.000522303612313658
40.97,0.026557821067454
40.98,0.0539552807391384
40.99,0.0802593128152766
41,0.104092124516224
41.01,0.124266949596157
41.02,0.1398965560328
41.03,0.150418726510396
41.04,0.155543058051021
41.05,0.155171423951647
41.06,0.149359519473682
41.07,0.138351237940274
41.08,0.122656884852626
41.09,0.103099667712603
41.1,0.0807682546701855
41.11,0.0568829009635149
41.12,0.0326361063385201
41.13,0.00906382938239914
41.14,-0.013031612440335
41.15,-0.0331118532879516
41.16,-0.0508926458121647
41.17,-0.0662938267376604
41.18,-0.0793609135884436
41.19,-0.0901863943739624
41.2,-0.0988486620146146
41.21,-0.105372792596238
41.22,-0.109724717525597
41.23,-0.111851315872783
41.24,-0.111763720599374
41.25,-0.109644506819433
41.26,-0.105942663219374
41.27,-0.101420287381214
41.28,-0.0971320302628284
41.29,-0.0943244976482904
41.3,-0.0942578729537722
41.31,-0.0979926380738461
41.32,-0.106202032758655
41.33,-0.119051431096739
41.34,-0.136168988283232
41.35,-0.156720328084362
41.36,-0.179570847771612
41.37,-0.203486361276032
41.38,-0.227314709874319
41.39,-0.250097806437674
41.4,-0.271076320675435
41.41,-0.289598499707613
41.42,-0.305010910810613
41.43,-0.316610681804907
41.44,-0.323671228128526
41.45,-0.325503177070563
41.46,-0.321527488345409
41.47,-0.311370447104991
41.48,-0.294978468484821
41.49,-0.27271436801925
41.5,-0.245388763313954
41.51,-0.214207623705399
41.52,-0.180659105609755
41.53,-0.146379795792987
41.54,-0.113010212712801
41.55,-0.0820269393864565
41.56,-0.0545672416616937
41.57,-0.0312966488602944
41.58,-0.0123699790431709
41.59,0.00249091522564235
41.6,0.0138284688772424
41.61,0.0222641738248589
41.62,0.0283708333033975
41.63,0.0326280641016139
41.64,0.0354388319065137
41.65,0.0371646742031599
41.66,0.0381505458675847
41.67,0.038741540342402
41.68,0.0393036603218035
41.69,0.0402410713240642
41.7,0.0419887632978729
41.71,0.0449732849973348
41.72,0.0495584702999572
41.73,0.0559966447503683
41.74,0.0643850239131035
41.75,0.0746160258512872
41.76,0.0863240276857827
41.77,0.0988500168128174
41.78,0.111247171703949
41.79,0.122329145991158
41.8,0.130752049134446
41.81,0.135140017536183
41.82,0.13426788831057
41.83,0.12727942927459
41.84,0.113880717720359
41.85,0.0944371081226571
41.86,0.0699358587056493
41.87,0.0418408529367917
41.88,0.011905361713876
41.89,-0.0180039795225335
41.9,-0.0460576904570616
41.91,-0.0706028378098795
41.92,-0.0903020954028436
41.93,-0.104260575614514
41.94,-0.112119283238575
41.95,-0.114095913964781
41.96,-0.110952556867348
41.97,-0.103879285628818
41.98,-0.0943106350458087
41.99,-0.0837203527880092
42,-0.0734395275689402
42.01,-0.0645177927398854
42.02,-0.0576369979146398
42.03,-0.0530852418821309
42.04,-0.0507796348133647
42.05,-0.0503224668837338
42.06,-0.051100673351434
42.07,-0.0524385922919063
42.08,-0.0537677945262694
42.09,-0.0547407587151628
42.1,-0.0552433616355269
42.11,-0.0553229674786826
42.12,-0.0550798461369447
42.13,-0.0545741411304441
42.14,-0.0537908111160589
42.15,-0.0526652594453146
42.16,-0.0511368563232617
42.17,-0.0492014299383419
42.18,-0.0469441686436605
42.19,-0.0445344338345665
42.2,-0.0421849589359178
42.21,-0.0401077139109882
42.22,-0.0384856304939197
42.23,-0.0374394878909143
42.24,-0.0369736778970708
42.25,-0.0369297941704623
42.26,-0.0369860219465321
42.27,-0.036704660237066
42.28,-0.0356123003808458
42.29,-0.033302418747197
42.3,-0.0295406170966902
42.31,-0.0243383614358536
42.32,-0.0179725887327922
42.33,-0.0109593546649893
42.34,-0.00401033374706115
42.35,0.00200652547864496
42.36,0.00611033896239136
42.37,0.00728104801246657
42.38,0.00457328060070125
42.39,-0.00274769933049653
42.4,-0.0150743595344711
42.41,-0.0323514101377803
42.42,-0.0540130264357759
42.43,-0.0789703811565984
42.44,-0.105646577176688
42.45,-0.132057412569856
42.46,-0.155951679049423
42.47,-0.175029571400627
42.48,-0.18722600204659
42.49,-0.190995807665418
42.5,-0.185527966979496
42.51,-0.170858245673065
42.52,-0.147882767627542
42.53,-0.118268385313179
42.54,-0.0842536363237471
42.55,-0.0483651661321825
42.56,-0.0131093871141274
42.57,0.0192979362394624
42.58,0.0471250993027376
42.59,0.0692251465983974
42.6,0.0850473755480593
42.61,0.0945776456670529
42.62,0.0982278726500374
42.63,0.0967028512040734
42.64,0.0908865488023872
42.65,0.0817687056689635
42.66,0.0703881588436073
42.67,0.0577705661695033
42.68,0.0448659230958581
42.69,0.0324826310254576
42.7,0.0212093403970404
42.71,0.0113468580174818
42.72,0.00288349200385578
42.73,-0.00447766860252638
42.74,-0.0112497744863386
42.75,-0.0180611475884291
42.76,-0.0255317328290755
42.77,-0.0341474306958466
42.78,-0.0441576361548041
42.79,-0.0555176084230701
42.8,-0.06788924133077
42.81,-0.0806930754101274
42.82,-0.0931953369622252
42.83,-0.104624227771377
42.84,-0.114295815297864
42.85,-0.121699690084416
42.86,-0.126505842913076
42.87,-0.128509048223934
42.88,-0.12756450588624
42.89,-0.123549353613189
42.9,-0.116346982589712
42.91,-0.105846279583284
42.92,-0.0919657244839097
42.93,-0.0747222194352976
42.94,-0.0543523339456028
42.95,-0.0314487863700173
42.96,-0.00703001651419717
42.97,0.0175193907996643
42.98,0.0406217156816013
42.99,0.0607202316602058
43,0.0764711233018797
43.01,0.0868960024493193
43.02,0.0915067879581177
43.03,0.0903951455129103
43.04,0.0842431753218305
43.05,0.0742324562239796
43.06,0.0618929332489258
43.07,0.0489457915307321
43.08,0.0371494466000332
43.09,0.0281404608549919
43.1,0.0232829061692435
43.11,0.0235548951425944
43.12,0.0295021735832209
43.13,0.0412703673818626
43.14,0.0586877333599219
43.15,0.0813465388017361
43.16,0.108642579958777
43.17,0.139763536937454
43.18,0.173655933574364
43.19,0.209018513039947
43.2,0.244344091017252
43.21,0.277999582403718
43.22,0.30832931638376
43.23,0.333770314496475
43.24,0.352960752925118
43.25,0.364811877218188
43.26,0.368525624799731
43.27,0.36358661507537
43.28,0.349780144399635
43.29,0.327241082745095
43.3,0.296489478965544
43.31,0.25842533952118
43.32,0.214290697054131
43.33,0.165605408112095
43.34,0.114076943777178
43.35,0.0615068913200737
43.36,0.00972635519893327
43.37,-0.0394454610616743
43.38,-0.0842645205678246
43.39,-0.1231719710981
43.4,-0.154920102239651
43.41,-0.17866352776211
43.42,-0.193988234776542
43.43,-0.200886450649633
43.44,-0.19971762877558
43.45,-0.191191474203199
43.46,-0.176360883115145
43.47,-0.156590020255137
43.48,-0.133499052384613
43.49,-0.108910271584968
43.5,-0.084779291662027
43.51,-0.0630612152382355
43.52,-0.0455067045866927
43.53,-0.033452231225008
43.54,-0.0276771326624105
43.55,-0.0283579806919818
43.56,-0.0351156790679895
43.57,-0.0471310794925694
43.58,-0.0632922988948225
43.59,-0.0823444186569595
43.6,-0.103026048374285
43.61,-0.124178732253664
43.62,-0.144824112785422
43.63,-0.164218695334545
43.64,-0.181886314014499
43.65,-0.197599797791199
43.66,-0.211279292277957
43.67,-0.222827004165164
43.68,-0.231981971467251
43.69,-0.238264824193661
43.7,-0.241013609569596
43.71,-0.239486691473458
43.72,-0.233020369442714
43.73,-0.221211339413869
43.74,-0.20406066532964
43.75,-0.182019246918895
43.76,-0.155920668102662
43.77,-0.126837788853076
43.78,-0.0959286782562673
43.79,-0.0643402628264779
43.8,-0.0331990789134957
43.81,-0.00365750826857852
43.82,0.0230578977543006
43.83,0.0456358353161825
43.84,0.0627398378416847
43.85,0.0731432884096932
43.86,0.075888075125118
43.87,0.0703976042798905
43.88,0.0565229801579458
43.89,0.0345565322367816
43.9,0.00526012533010916
43.91,-0.0300768739497992
43.92,-0.0695865166029379
43.93,-0.110843078989263
43.94,-0.151002476994543
43.95,-0.187056089807758
43.96,-0.216150811362923
43.97,-0.235913593946877
43.98,-0.244719074708319
43.99,-0.241847259093343
44,-0.227512479486325
44.01,-0.202783252467596
44.02,-0.169422584420985
44.03,-0.129679557021235
44.04,-0.0860736487907254
44.05,-0.041209248026197
44.06,0.00236731577163051
44.07,0.0422834973651005
44.08,0.0764659797425762
44.09,0.103305362415993
44.1,0.121839495044723
44.11,0.131889130792925
44.12,0.134080552968755
44.13,0.129729757411633
44.14,0.120618686261634
44.15,0.108728541767064
44.16,0.0959854173642653
44.17,0.0840516354270903
44.18,0.0741907962026426
44.19,0.0672229382275804
44.2,0.0635540863774177
44.21,0.0632412259983147
44.22,0.0660566429457682
44.23,0.0715360431525415
44.24,0.0790228437922247
44.25,0.0877266136500243
44.26,0.0967878052386778
44.27,0.105331383746946
44.28,0.1125140534818
44.29,0.117580806566333
44.3,0.119931327522472
44.31,0.119178289837739
44.32,0.115178216706699
44.33,0.108034986657371
44.34,0.0980934647558389
44.35,0.0859314227505286
44.36,0.07232732843357
44.37,0.0581665647431367
44.38,0.0442815634782143
44.39,0.0312686357726868
44.4,0.0193323933148343
44.41,0.0081929935772425
44.42,-0.00291642750233916
44.43,-0.0151410754481884
44.44,-0.0297818094699726
44.45,-0.0479966394347314
44.46,-0.0705109642294691
44.47,-0.09742367255629
44.48,-0.128152305234406
44.49,-0.16151375127979
44.5,-0.195897629474799
44.51,-0.229465686817048
44.52,-0.260338973099693
44.53,-0.286785536264817
44.54,-0.307418011462068
44.55,-0.321365027217793
44.56,-0.328358220898924
44.57,-0.328700882573233
44.58,-0.323142599666295
44.59,-0.312721970596205
44.6,-0.298618240191502
44.61,-0.282029415888313
44.62,-0.264101084226352
44.63,-0.24591586359767
44.64,-0.228519536150634
44.65,-0.212952041756476
44.66,-0.20025667181599
44.67,-0.191437424932294
44.68,-0.187347544310946
44.69,-0.188533108970011
44.7,-0.195093861255912
44.71,-0.206626187182362
44.72,-0.222269508934999
44.73,-0.24081894403928
44.74,-0.260846166185762
44.75,-0.280792683673208
44.76,-0.299041429074579
44.77,-0.314007846985382
44.78,-0.324274469741111
44.79,-0.328738506120681
44.8,-0.326729520133373
44.81,-0.318074138134216
44.82,-0.303089912006134
44.83,-0.282516223317375
44.84,-0.257432357964261
44.85,-0.229195955254251
44.86,-0.199377729360562
44.87,-0.169659324331491
44.88,-0.141697630089412
44.89,-0.116982341346504
44.9,-0.0967094996457346
44.91,-0.0816752244809621
44.92,-0.0721906184885037
44.93,-0.0680462715481301
44.94,-0.0685655604460725
44.95,-0.072745573087869
44.96,-0.0794349814489793
44.97,-0.0874905152988902
44.98,-0.0958839276949178
44.99,-0.103757421730965
45,-0.110425432530771
45.01,-0.115324488060216
45.02,-0.117949227443407
45.03,-0.117840299057056
45.04,-0.114656695171292
45.05,-0.108299179133891
45.06,-0.0990078892573513
45.07,-0.0873607064333586
45.08,-0.0741662416269318
45.09,-0.060328189985353
45.1,-0.0467480518418463
45.11,-0.0342484911829123
45.12,-0.0234796028833237
45.13,-0.0148370258424806
45.14,-0.0084559254525214
45.15,-0.00428983514426012
45.16,-0.00221328606966048
45.17,-0.00209340462639666
45.18,-0.0038305723981014
45.19,-0.0073798786511964
45.2,-0.0127429877374775
45.21,-0.0199331281548359
45.22,-0.028938678116405
45.23,-0.0396928273859085
45.24,-0.0520393619138583
45.25,-0.065699231353331
45.26,-0.0802516823118643
45.27,-0.0951437432200091
45.28,-0.109750551563285
45.29,-0.123493245658844
45.3,-0.135972404967459
45.31,-0.147051320733243
45.32,-0.156853173183394
45.33,-0.165686404173941
45.34,-0.173940029963937
45.35,-0.181980740918644
45.36,-0.190061775783008
45.37,-0.198247009000637
45.38,-0.206366110585752
45.39,-0.214026289443884
45.4,-0.220680271681323
45.41,-0.22571455607308
45.42,-0.228527003131638
45.43,-0.228585143522658
45.44,-0.225466942087204
45.45,-0.218901545339062
45.46,-0.208831703138085
45.47,-0.195479475047687
45.48,-0.179354931098435
45.49,-0.161173424872602
45.5,-0.14171769858138
45.51,-0.121707900059844
45.52,-0.101712699186798
45.53,-0.0821090231586368
45.54,-0.0630940592423024
45.55,-0.0447476068809058
45.56,-0.0271323685805791
45.57,-0.0104034248753548
45.58,0.0051216711644467
45.59,0.0189634846040895
45.6,0.0305253658295005
45.61,0.0391364022454583
45.62,0.0440942770548459
45.63,0.0447464885156324
45.64,0.0406209759297188
45.65,0.0315644341393128
45.66,0.0178301067652227
45.67,8.59767702683045e-05
45.68,-0.0206392047867356
45.69,-0.0430262543144346
45.7,-0.0655272578926349
45.71,-0.0864449329631228
45.72,-0.104076460110664
45.73,-0.11693048402025
45.74,-0.123962782826242
45.75,-0.124744087081962
45.76,-0.119500595215867
45.77,-0.109029966136541
45.78,-0.0945381673610001
45.79,-0.0774426122495223
45.8,-0.0591769561845226
45.81,-0.0410311323469686
45.82,-0.0240461274038973
45.83,-0.00895957828827171
45.84,0.00380933439080164
45.85,0.014141647782129
45.86,0.0221712263992387
45.87,0.0282141593949286
45.88,0.0326844695192192
45.89,0.0360199617352375
45.9,0.0386466961680914
45.91,0.0409754293853168
45.92,0.0433876758406774
45.93,0.0461909127937259
45.94,0.0495753373862653
45.95,0.0536123945297089
45.96,0.0582863672684997
45.97,0.0635218431687081
45.98,0.0692030889241763
45.99,0.0752109628868169
46,0.0814803234337819
46.01,0.0880456398131242
46.02,0.0950367193264196
46.03,0.10261460145722
46.04,0.110882009733714
46.05,0.119821161425534
46.06,0.12928302737352
46.07,0.139011234850135
46.08,0.148673657576213
46.09,0.157898532517863
46.1,0.166328162838731
46.11,0.173679923258695
46.12,0.179781929648798
46.13,0.184572137968078
46.14,0.188079793572774
46.15,0.190407143017099
46.16,0.19170687125725
46.17,0.192134222735753
46.18,0.191770515931803
46.19,0.190552063646335
46.2,0.18823384428131
46.21,0.184379164587597
46.22,0.178364540133761
46.23,0.169412041069235
46.24,0.156658495392007
46.25,0.139255786862454
46.26,0.116496901092816
46.27,0.0879685379860495
46.28,0.0537182588697114
46.29,0.0143902054717152
46.3,-0.0287283764414946
46.31,-0.0737618950329738
46.32,-0.118362030528649
46.33,-0.159860656725225
46.34,-0.195483758721952
46.35,-0.222626092141943
46.36,-0.239117545266028
46.37,-0.243413899999837
46.38,-0.234717438543479
46.39,-0.213073466102803
46.4,-0.179452978418868
46.41,-0.135774990993704
46.42,-0.0848196426269966
46.43,-0.0300302845241745
46.44,0.0247723376212517
46.45,0.0757476415171369
46.46,0.119429623223474
46.47,0.153076961440214
46.48,0.174887960997687
46.49,0.184051446865551
46.5,0.180689083511896
46.51,0.1657652067945
46.52,0.140990756522915
46.53,0.10870578186682
46.54,0.0717234300964836
46.55,0.0331284223288363
46.56,-0.00396445605896938
46.57,-0.0366700730940981
46.58,-0.0625820622990413
46.59,-0.0799820578798146
46.6,-0.087978274149791
46.61,-0.0865475083812679
46.62,-0.0764710444523009
46.63,-0.0591764372775254
46.64,-0.0365095103289918
46.65,-0.0104617744531842
46.66,0.0171132788826802
46.67,0.0447408505320895
46.68,0.0714593735140013
46.69,0.0968102573440256
46.7,0.120698536990825
46.71,0.143190558564874
46.72,0.16432092060735
46.73,0.183954366443002
46.74,0.201728361928827
46.75,0.217081438957938
46.76,0.229340226203784
46.77,0.237824486737711
46.78,0.241948665761805
46.79,0.241323271924801
46.8,0.235855507065979
46.81,0.225814719956239
46.82,0.211813544310839
46.83,0.194701452056752
46.84,0.175428611522358
46.85,0.154938733516912
46.86,0.134108275882754
46.87,0.113728110336777
46.88,0.0945186075257956
46.89,0.0771592574971757
46.9,0.062308049388228
46.91,0.0505885932157647
46.92,0.0425387852623541
46.93,0.0385391817539031
46.94,0.0387457863091761
46.95,0.0430418903834918
46.96,0.0510228882598983
46.97,0.0620239252956257
46.98,0.0751798172696709
46.99,0.0895002961550752
47,0.103950232071677
47.01,0.117517237409364
47.02,0.129249029971233
47.03,0.138271810672023
47.04,0.143827325159803
47.05,0.145345411206682
47.06,0.142517074309341
47.07,0.135324744333095
47.08,0.124031788202255
47.09,0.109160390167973
47.1,0.0914638061839474
47.11,0.0718648307011735
47.12,0.0513353480089129
47.13,0.03074060198946
47.14,0.0107176915578993
47.15,-0.00834843165284684
47.16,-0.0262396902442701
47.17,-0.0427623238695846
47.18,-0.0576304954701415
47.19,-0.0704208612843414
47.2,-0.0805821500849463
47.21,-0.0874781337648549
47.22,-0.090463697914811
47.23,-0.0889793805101096
47.24,-0.0826304073818359
47.25,-0.0712433550569206
47.26,-0.0549221194582516
47.27,-0.0340964115111723
47.28,-0.0095265757529365
47.29,0.0177383789083664
47.3,0.0464162460037282
47.31,0.0750478796127637
47.32,0.102075217740126
47.33,0.125954875561121
47.34,0.14528723356529
47.35,0.158931566742023
47.36,0.166101923842308
47.37,0.166448567199945
47.38,0.160111079797363
47.39,0.147716441331857
47.4,0.130309796294754
47.41,0.109240008981567
47.42,0.0860354817483103
47.43,0.0622732497406996
47.44,0.0394265207417518
47.45,0.0187146612756901
47.46,0.00100416308038503
47.47,-0.0132275662749252
47.48,-0.0238868649732815
47.49,-0.0312281636131935
47.5,-0.035788212623496
47.51,-0.0382925132841246
47.52,-0.0395395532072852
47.53,-0.0402891300216938
47.54,-0.0411941454749821
47.55,-0.0427719774039441
47.56,-0.0453633961355223
47.57,-0.04906226301299
47.58,-0.0536751767191676
47.59,-0.0587687050625811
47.6,-0.0637850923147169
47.61,-0.0681606314588868
47.62,-0.0713988197719066
47.63,-0.0730894882404011
47.64,-0.0728988993309743
47.65,-0.0705714565650511
47.66,-0.0659638164640655
47.67,-0.0590946391868623
47.68,-0.0501809672669889
47.69,-0.0396456723490011
47.7,-0.0280906757150818
47.71,-0.0162430101073535
47.72,-0.00490249690955855
47.73,0.00508302604513541
47.74,0.0128349347104811
47.75,0.0175132307267185
47.76,0.018468324947678
47.77,0.0154314724532674
47.78,0.00866695029055614
47.79,-0.000970349177001145
47.8,-0.0121020875937701
47.81,-0.0230222546441436
47.82,-0.0319802912786705
47.83,-0.0374694005092871
47.84,-0.0384393097182788
47.85,-0.0343937859838532
47.86,-0.0253823197826409
47.87,-0.0119277268956814
47.88,0.0050662620273993
47.89,0.0244092039028659
47.9,0.0447328388981268
47.91,0.0646283431318639
47.92,0.0827952782524466
47.93,0.0981694516349775
47.94,0.110007401170129
47.95,0.117918758242985
47.96,0.12185249243717
47.97,0.12205202112316
47.98,0.11898104885124
47.99,0.113215490577488
48,0.105323515251159
48.01,0.0957698642109476
48.02,0.0848565669423141
48.03,0.0726999712472657
48.04,0.0592582292217308
48.05,0.0444213943637206
48.06,0.0281420118759881
48.07,0.0105528008890984
48.08,-0.00796988118074036
48.09,-0.0268063114917564
48.1,-0.0451622843621428
48.11,-0.0622052101538989
48.12,-0.0772236612453084
48.13,-0.0897438070069351
48.14,-0.0995716186343751
48.15,-0.106763978610767
48.16,-0.11153536618755
48.17,-0.114125885029844
48.18,-0.114687839273369
48.19,-0.113241505436425
48.2,-0.109711832216216
48.21,-0.104026164281411
48.22,-0.0962368367877201
48.23,-0.0866254114458782
48.24,-0.0757520419930683
48.25,-0.0644317581314292
48.26,-0.053637854591085
48.27,-0.0443450291685602
48.28,-0.0373365245622437
48.29,-0.0330206068600616
48.3,-0.0313205225524592
48.31,-0.0316848010257157
48.32,-0.0332119459716583
48.33,-0.0348433458395633
48.34,-0.0355717696047746
48.35,-0.0346140371153318
48.36,-0.031500491192901
48.37,-0.026065272725819
48.38,-0.0183729994172989
48.39,-0.00863414474954398
48.4,0.00287755009099621
48.41,0.0159190643196555
48.42,0.0303670116357024
48.43,0.0462504110565697
48.44,0.0636894888451151
48.45,0.0827582537922106
48.46,0.103341276966576
48.47,0.125051721338477
48.48,0.147224648621622
48.49,0.168966533347206
48.5,0.189251057596407
48.51,0.207046914271518
48.52,0.221435849856279
48.53,0.231690741951292
48.54,0.237331708233467
48.55,0.238188127180105
48.56,0.234458430517008
48.57,0.22674011215677
48.58,0.216010455748344
48.59,0.203537380717896
48.6,0.190697985552993
48.61,0.178720651625516
48.62,0.168434992831527
48.63,0.160133737722316
48.64,0.153575874235682
48.65,0.148074676982633
48.66,0.142616498903435
48.67,0.136001093369078
48.68,0.127000048918392
48.69,0.114522075408055
48.7,0.0977799271361202
48.71,0.07644163062309
48.72,0.0507291639199089
48.73,0.0214344784303677
48.74,-0.0101576835914009
48.75,-0.0424288480009943
48.76,-0.0736347704751274
48.77,-0.102124093883809
48.78,-0.12652482732862
48.79,-0.145845898607583
48.8,-0.159472813432404
48.81,-0.167103741494578
48.82,-0.168694267173476
48.83,-0.16443319831617
48.84,-0.154730208557432
48.85,-0.14020166482183
48.86,-0.121650423031485
48.87,-0.100025928847832
48.88,-0.0763574227888703
48.89,-0.0516786103530225
48.9,-0.026973317377257
48.91,-0.0031495202888638
48.92,0.0189904059584501
48.93,0.0388195027550556
48.94,0.0559808999764681
48.95,0.0704469188167498
48.96,0.0824961358642791
48.97,0.0926090582054395
48.98,0.101323594714533
48.99,0.109113741757998
49,0.116337878426304
49.01,0.123248350479194
49.02,0.130027852039867
49.03,0.136846559040048
49.04,0.143944416301409
49.05,0.151701061168512
49.06,0.160628203667749
49.07,0.17125502841247
49.08,0.183941480519172
49.09,0.198689206726319
49.1,0.215013072867691
49.11,0.231914001343304
49.12,0.247965535886695
49.13,0.261485514119348
49.14,0.270738101749454
49.15,0.274128575759593
49.16,0.270379523755832
49.17,0.258670399258347
49.18,0.238710708353069
49.19,0.210744201820402
49.2,0.175515411018542
49.21,0.134222897782129
49.22,0.0884597760785523
49.23,0.0401289061859355
49.24,-0.0086837703369256
49.25,-0.0558733279873523
49.26,-0.0994861774585975
49.27,-0.13787483625689
49.28,-0.169831540846325
49.29,-0.194677644732646
49.3,-0.21226789226633
49.31,-0.222895039586735
49.32,-0.227137157105067
49.33,-0.225722377142468
49.34,-0.219459546828486
49.35,-0.209221003746538
49.36,-0.195921804343719
49.37,-0.180457661687539
49.38,-0.163626647797162
49.39,-0.146102343769931
49.4,-0.128492992491999
49.41,-0.111436297447958
49.42,-0.0956336817885712
49.43,-0.0817766256891429
49.44,-0.07041331812954
49.45,-0.0618419565519513
49.46,-0.0560680614944227
49.47,-0.052815232139644
49.48,-0.0515817960385377
49.49,-0.0517313537172975
49.5,-0.0525755641256269
49.51,-0.0534085506133634
49.52,-0.0534933132233236
49.53,-0.0520384140360816
49.54,-0.0482126108760454
49.55,-0.041222511524573
49.56,-0.0304379550734142
49.57,-0.015529277637683
49.58,0.00341605907715005
49.59,0.0258388320323314
49.6,0.0507601336670806
49.61,0.0769322002079356
49.62,0.103008323173845
49.63,0.127652978331707
49.64,0.149586494201117
49.65,0.167609864657333
49.66,0.180639293234966
49.67,0.187753571705485
49.68,0.188266340709593
49.69,0.181833335055138
49.7,0.168553669231141
49.71,0.148989087426302
49.72,0.124073830942887
49.73,0.0949768442215245
49.74,0.0630078205065189
49.75,0.0295918853435897
49.76,-0.00375138449235687
49.77,-0.0354907088607483
49.78,-0.0642131840567667
49.79,-0.0887410446870973
49.8,-0.108208162059236
49.81,-0.122110200154882
49.82,-0.13034156951283
49.83,-0.133215147555818
49.84,-0.131454008404147
49.85,-0.126145397067351
49.86,-0.118643997394047
49.87,-0.110414032036327
49.88,-0.102827874939385
49.89,-0.0969725837180792
49.9,-0.09352016801425
49.91,-0.092688163260496
49.92,-0.0942714795147883
49.93,-0.0977081762253456
49.94,-0.102171947129014
49.95,-0.106704988359434
49.96,-0.110379410013956
49.97,-0.112446142095165
49.98,-0.112428539200516
49.99,-0.110143936226811
50,-0.105677781283125
50.01,-0.099343761502964
50.02,-0.091631795915454
50.03,-0.0831363408038549
50.04,-0.074478509392372
50.05,-0.0662450275127882
50.06,-0.0589648997335576
50.07,-0.0531266366850475
50.08,-0.049197293975975
50.09,-0.0475957848199676
50.1,-0.0486236129071828
50.11,-0.0523944283264817
50.12,-0.0587899772012231
50.13,-0.0674511415415232
50.14,-0.07781514446055
50.15,-0.0892023561163567
50.16,-0.100926418260592
50.17,-0.112390599048084
50.18,-0.123157857342595
50.19,-0.132998394391828
50.2,-0.141904464073584
50.21,-0.150048371442991
50.22,-0.157676899173209
50.23,-0.164973941703651
50.24,-0.171938234720656
50.25,-0.17830433371294
50.26,-0.183519475092331
50.27,-0.186788820096219
50.28,-0.187197872968975
50.29,-0.183899301973585
50.3,-0.17632064932807
50.31,-0.16434513852648
50.32,-0.148437293435952
50.33,-0.129681848562225
50.34,-0.109699408382162
50.35,-0.0904514881469374
50.36,-0.0740081276616626
50.37,-0.0623425977957097
50.38,-0.0571577262706418
50.39,-0.0597128578435991
50.4,-0.0706370530581846
50.41,-0.0897557305393101
50.42,-0.11598391052115
50.43,-0.147334155558989
50.44,-0.181067288263073
50.45,-0.213978198222092
50.46,-0.242756657780495
50.47,-0.264345062429795
50.48,-0.276247917775165
50.49,-0.276769757635635
50.5,-0.265160050954279
50.51,-0.24166590806873
50.52,-0.20750679668242
50.53,-0.164762876331233
50.54,-0.1161611825477
50.55,-0.0647796798347595
50.56,-0.0137275273876294
50.57,0.0341353451259225
50.58,0.0764047048997532
50.59,0.111270307077289
50.6,0.137611832934869
50.61,0.15505706374114
50.62,0.163969265151417
50.63,0.16533143991634
50.64,0.160542278748944
50.65,0.151184240917671
50.66,0.138833857792686
50.67,0.124948607820347
50.68,0.110805363576047
50.69,0.097447851372264
50.7,0.0856336233367666
50.71,0.0757922056135224
50.72,0.0680110266196056
50.73,0.0620783435027466
50.74,0.0575979757719401
50.75,0.0541397236239901
50.76,0.0513594901876088
50.77,0.0490508243366961
50.78,0.0471427395153775
50.79,0.0456812976250905
50.8,0.0448170673568592
50.81,0.0447945471440537
50.82,0.0459217245549138
50.83,0.0485108038932814
50.84,0.0528100297114663
50.85,0.0589373394213233
50.86,0.0667951184552341
50.87,0.0759601384085181
50.88,0.0855981524231164
50.89,0.0944728255438423
50.9,0.101074195182354
50.91,0.103834212147884
50.92,0.101374072325794
50.93,0.0927312632249069
50.94,0.0775218919629409
50.95,0.0560147677091374
50.96,0.0291298031514911
50.97,-0.0016200254240503
50.98,-0.0342585598718542
50.99,-0.0665654554553411
51,-0.0963431619961253
51.01,-0.121653532458744
51.02,-0.140974053189725
51.03,-0.153273827348168
51.04,-0.158037408718862
51.05,-0.155255646633458
51.06,-0.145382637556712
51.07,-0.129265920432428
51.08,-0.1080729384901
51.09,-0.0832269447146609
51.1,-0.0563427288110259
51.11,-0.0291351402551381
51.12,-0.00327713592586113
51.13,0.0197769592765444
51.14,0.0389409753799269
51.15,0.0535583465039728
51.16,0.0633757331395519
51.17,0.0684883638322941
51.18,0.0693018590918343
51.19,0.0664925723284347
51.2,0.0609335636964716
51.21,0.0535952568326714
51.22,0.0454508280361755
51.23,0.0373993446683276
51.24,0.0302065434425966
51.25,0.0244610874941204
51.26,0.0205493741145427
51.27,0.0186600495484434
51.28,0.0188113930589996
51.29,0.0208728444964058
51.3,0.0245729528760336
51.31,0.0295121819037674
51.32,0.0351894331343158
51.33,0.0410308859358403
51.34,0.0464023530037715
51.35,0.0506034503079816
51.36,0.0528749754629809
51.37,0.0524588557824547
51.38,0.0487219085102046
51.39,0.0413157442805797
51.4,0.0303101822216206
51.41,0.0162304660205367
51.42,-1.97189558020191e-05
51.43,-0.0172960362469153
51.44,-0.0343485707173008
51.45,-0.0499325731194827
51.46,-0.0629010501238667
51.47,-0.0722924713059411
51.48,-0.077424095410764
51.49,-0.0779818005776398
51.5,-0.0740783918763227
51.51,-0.0662507752229137
51.52,-0.0553808542773902
51.53,-0.0425541096212677
51.54,-0.0289013609760234
51.55,-0.0154824041323085
51.56,-0.00324493039743509
51.57,0.00696721362852406
51.58,0.0144219465147445
51.59,0.0185646643606098
51.6,0.0191273449317947
51.61,0.0162319457580691
51.62,0.0104338846679606
51.63,0.00267506511947724
51.64,-0.00583292972345093
51.65,-0.0137538143041713
51.66,-0.0197936641769029
51.67,-0.0228903547199909
51.68,-0.0223770393223312
51.69,-0.0180605929244566
51.7,-0.0102006278844812
51.71,0.000585030792374244
51.72,0.0134398288106576
51.73,0.0273694294585472
51.74,0.0413252095988438
51.75,0.0542961002327686
51.76,0.0653974727672461
51.77,0.0739207484640882
51.78,0.0793471985506126
51.79,0.0813554322810943
51.8,0.0798204247517983
51.81,0.0747938650147071
51.82,0.0664918026409394
51.83,0.0553119762713053
51.84,0.041858293748954
51.85,0.0269373785301987
51.86,0.0115126892491266
51.87,-0.00338244436448128
51.88,-0.0167657918580882
51.89,-0.0278439278364098
51.9,-0.0361258023222771
51.91,-0.0414684907331281
51.92,-0.0440514842188353
51.93,-0.0443094263509309
51.94,-0.0428551990544328
51.95,-0.040421167139732
51.96,-0.0378342176430682
51.97,-0.0360124306091865
51.98,-0.0359469830271879
51.99,-0.0386328584086365
52,-0.0449451461489879
52.01,-0.0554976652612635
52.02,-0.0705227637667348
52.03,-0.0897890818053462
52.04,-0.112572947516584
52.05,-0.137707963266424
52.06,-0.163720870318459
52.07,-0.189024736945823
52.08,-0.21211868990809
52.09,-0.231758533970984
52.1,-0.247090420687221
52.11,-0.257747258595884
52.12,-0.263891942966827
52.13,-0.266176057289993
52.14,-0.26560489863575
52.15,-0.263347254751546
52.16,-0.260543633117166
52.17,-0.258151198923863
52.18,-0.256854549781281
52.19,-0.257057530434296
52.2,-0.25893553365506
52.21,-0.26250299276105
52.22,-0.267668131423554
52.23,-0.274269458168125
52.24,-0.282080590935805
52.25,-0.290778323398384
52.26,-0.299913112325898
52.27,-0.308926726658485
52.28,-0.317204737054462
52.29,-0.324114734507486
52.3,-0.329013756541265
52.31,-0.331259075882249
52.32,-0.33026212043355
52.33,-0.325584965598089
52.34,-0.317041007725707
52.35,-0.304764653733581
52.36,-0.289238312459877
52.37,-0.271270620964794
52.38,-0.251920201340305
52.39,-0.232376249891953
52.4,-0.213822830557511
52.41,-0.197310325722816
52.42,-0.183645950686584
52.43,-0.173308972704398
52.44,-0.166398759016722
52.45,-0.162628612272331
52.46,-0.16137091332558
52.47,-0.161747894761747
52.48,-0.162764613924312
52.49,-0.163469489510989
52.5,-0.163091663272572
52.51,-0.161101380659117
52.52,-0.15719024674217
52.53,-0.151208629114785
52.54,-0.143095196026131
52.55,-0.132822808041706
52.56,-0.120381618799141
52.57,-0.105807429748628
52.58,-0.0892420916941164
52.59,-0.0710021625885079
52.6,-0.0516318709379194
52.61,-0.031915302585889
52.62,-0.0128256827563698
52.63,0.00459319920266727
52.64,0.0193843793293896
52.65,0.0308151446077495
52.66,0.0384486812441113
52.67,0.042152873173301
52.68,0.0420764992886877
52.69,0.0386031067290582
52.7,0.0322722169940872
52.71,0.0236848490209715
52.72,0.0134467665554676
52.73,0.00217809495283191
52.74,-0.00944385948148459
52.75,-0.0206667850554241
52.76,-0.0307121312492569
52.77,-0.0388984166478892
52.78,-0.0447969017829109
52.79,-0.0483356072769657
52.8,-0.0497844400423327
52.81,-0.049637453553175
52.82,-0.0484818312868685
52.83,-0.046923943979165
52.84,-0.045563519550515
52.85,-0.0449660426944653
52.86,-0.0456051134784471
52.87,-0.0477865925869904
52.88,-0.0515964177989844
52.89,-0.0569174535305842
52.9,-0.0635191454489287
52.91,-0.0711670694697292
52.92,-0.0796860602271838
52.93,-0.0889461365766086
52.94,-0.0987884668019292
52.95,-0.108945546359973
52.96,-0.119021572469115
52.97,-0.128569670579631
52.98,-0.137244637542743
52.99,-0.144962011499715
53,-0.151981641536652
53.01,-0.158871484310811
53.02,-0.166382245460001
53.03,-0.175307090408075
53.04,-0.186372544273491
53.05,-0.200150368098587
53.06,-0.216955995231562
53.07,-0.236730201721711
53.08,-0.258948169193852
53.09,-0.282598803455489
53.1,-0.306237129176479
53.11,-0.328096191384255
53.12,-0.346253551566709
53.13,-0.358841341928478
53.14,-0.364273487026353
53.15,-0.361460152969301
53.16,-0.349970942071234
53.17,-0.33009212335176
53.18,-0.302741378908464
53.19,-0.269271406589535
53.2,-0.231255502743901
53.21,-0.190338611145753
53.22,-0.148171173238617
53.23,-0.106396265696781
53.24,-0.0666522395080173
53.25,-0.030546301508416
53.26,0.000441148358302154
53.27,0.0251219912480764
53.28,0.0427909232773229
53.29,0.0533725137545116
53.3,0.0574600253489424
53.31,0.0562214115913865
53.32,0.051201531019814
53.33,0.0440859284382891
53.34,0.0365050356151702
53.35,0.0299257707105981
53.36,0.0256098398731761
53.37,0.0245904735109894
53.38,0.0276421282415599
53.39,0.0352319795017271
53.4,0.0474547101291662
53.41,0.0639835655530074
53.42,0.0840795483489651
53.43,0.106676341932451
53.44,0.130529491395591
53.45,0.154387314291081
53.46,0.177123103623676
53.47,0.197786086860024
53.48,0.215568734754029
53.49,0.229733384158994
53.5,0.23956653924029
53.51,0.244403561082135
53.52,0.243721060782505
53.53,0.237274585724532
53.54,0.225245840135324
53.55,0.208337686246908
53.56,0.187748464559556
53.57,0.16500182105834
53.58,0.14168034848317
53.59,0.119151561180615
53.6,0.0983683056806432
53.61,0.0797987318494823
53.62,0.0634990066624371
53.63,0.0492860921867838
53.64,0.0369269334807621
53.65,0.026269964666046
53.66,0.0172963055538842
53.67,0.0101080969908063
53.68,0.00488228618448795
53.69,0.00182075591267482
53.7,0.00111527344840961
53.71,0.00291150433679919
53.72,0.00723732864239848
53.73,0.013894011357429
53.74,0.0223673369724635
53.75,0.0318233472197061
53.76,0.0411914950433854
53.77,0.0492899239479058
53.78,0.0549691110251219
53.79,0.0572751095772468
53.8,0.0556045170355534
53.81,0.0497989014679511
53.82,0.040157931682932
53.83,0.0273935224689105
53.84,0.0125518739903937
53.85,-0.00308854864582463
53.86,-0.0181378042834301
53.87,-0.031226568981281
53.88,-0.0411576432619424
53.89,-0.0470728859059486
53.9,-0.0485819017826528
53.91,-0.0458002233474881
53.92,-0.0393074647920101
53.93,-0.0300573283601664
53.94,-0.0192397480338758
53.95,-0.00809963082571893
53.96,0.00223780792303877
53.97,0.0108751547065053
53.98,0.0171681693651735
53.99,0.0206991799862647
54,0.0212411809717187
54.01,0.0187321085498512
54.02,0.0132526806235581
54.03,0.00500779637785862
54.04,-0.00566518955526298
54.05,-0.0182480299921018
54.06,-0.0319846075962051
54.07,-0.0458751780103966
54.08,-0.0587623298517504
54.09,-0.0694936753488881
54.1,-0.0770946809131083
54.11,-0.0808916818841537
54.12,-0.0805787380098997
54.13,-0.0762429108922491
54.14,-0.0683374229514094
54.15,-0.057588677511568
54.16,-0.044858816139328
54.17,-0.0310081982985818
54.18,-0.016793102928764
54.19,-0.00281833601849455
54.2,0.010455905331019
54.21,0.0226826629891924
54.22,0.0336111373862382
54.23,0.0430958392330278
54.24,0.0511110351386322
54.25,0.0577430866926259
54.26,0.0631512713192085
54.27,0.0675037945569436
54.28,0.070903095295929
54.29,0.0733253405648188
54.3,0.0745905605874382
54.31,0.0743492231044502
54.32,0.0720760601218086
54.33,0.0670983814366077
54.34,0.0586842587864796
54.35,0.0461747226330979
54.36,0.0291216336108401
54.37,0.00741051845290729
54.38,-0.0186380285705081
54.39,-0.0482152811887529
54.4,-0.0800506960218515
54.41,-0.112504696576484
54.42,-0.143689806412398
54.43,-0.171617161554049
54.44,-0.194395995839607
54.45,-0.210471026845119
54.46,-0.218815043959928
54.47,-0.219004725412594
54.48,-0.211186027847899
54.49,-0.195983922709211
54.5,-0.174406601310683
54.51,-0.147776675513412
54.52,-0.117695383344386
54.53,-0.0860068823501412
54.54,-0.0547143798880435
54.55,-0.0258278437379097
54.56,-0.00116885457724777
54.57,0.0178174244981757
54.58,0.0302071290076463
54.59,0.0356811999388786
54.6,0.034530672003984
54.61,0.0275833243404292
54.62,0.0160747903580233
54.63,0.00149041394663936
54.64,-0.0145910605845415
54.65,-0.0306115917162153
54.66,-0.0450825947747293
54.67,-0.0565823562129412
54.68,-0.0637406108107303
54.69,-0.0652522887273639
54.7,-0.0599481302876155
54.71,-0.0469166068114231
54.72,-0.0256449033469165
54.73,0.00384692768631096
54.74,0.0408923587502468
54.75,0.0841165529710766
54.76,0.13148276942951
54.77,0.18047901450699
54.78,0.228401760199625
54.79,0.272649383290161
54.8,0.31096520066982
54.81,0.34161229257515
54.82,0.363477439690978
54.83,0.376101055704678
54.84,0.379634548441516
54.85,0.374747682430226
54.86,0.362520638842127
54.87,0.344332984841698
54.88,0.321737771598688
54.89,0.296311358449584
54.9,0.269490724503132
54.91,0.242441580199
54.92,0.216011548870787
54.93,0.190782115598237
54.94,0.167168328961951
54.95,0.145493222358483
54.96,0.126014055637061
54.97,0.108935512367731
54.98,0.0944342543673895
54.99,0.0826694338283125
55,0.0737424107678043
55.01,0.067610090021164
55.02,0.06400117976417
55.03,0.0623834711684067
55.04,0.0619937815761204
55.05,0.0619163977357001
55.06,0.0611903443630271
55.07,0.0589289534302483
55.08,0.0544356137306073
55.09,0.0472883265330453
55.1,0.0373680797972794
55.11,0.0248404046865063
55.12,0.0101216328489834
55.13,-0.00616133486787593
55.14,-0.0232339765324936
55.15,-0.0402653816316882
55.16,-0.0564734454481679
55.17,-0.0712238655812807
55.18,-0.0840984618619287
55.19,-0.0949095926397047
55.2,-0.103657776032975
55.21,-0.110456921196794
55.22,-0.115467362377668
55.23,-0.118866000929785
55.24,-0.12085165437375
55.25,-0.121668702845005
55.26,-0.121634548929229
55.27,-0.121149639849331
55.28,-0.120667948375418
55.29,-0.120629105040203
55.3,-0.121381972463545
55.31,-0.123139889552034
55.32,-0.125985004190554
55.33,-0.129894856371066
55.34,-0.134748022059545
55.35,-0.140299915116218
55.36,-0.146163593708864
55.37,-0.151832248168283
55.38,-0.156733797435473
55.39,-0.160270435493385
55.4,-0.161826365152668
55.41,-0.160780521359632
55.42,-0.156554586618868
55.43,-0.148689779091167
55.44,-0.136938132942168
55.45,-0.121346508505408
55.46,-0.102291047682957
55.47,-0.0804327734847334
55.48,-0.0566142897948019
55.49,-0.0317566507497892
55.5,-0.00681352435059799
55.51,0.0172062164911481
55.52,0.0391925219170795
55.53,0.0579230405720114
55.54,0.0721111935879327
55.55,0.080502132979615
55.56,0.0819985197102954
55.57,0.0758096704410394
55.58,0.0616136750237848
55.59,0.0396998124823245
55.6,0.0110565126665703
55.61,-0.0226119125099852
55.62,-0.0589609025014371
55.63,-0.0952070635358237
55.64,-0.128452225426513
55.65,-0.156057856795741
55.66,-0.175971217561529
55.67,-0.186936334988212
55.68,-0.188560644162388
55.69,-0.181237130499963
55.7,-0.165971079518463
55.71,-0.144200171597301
55.72,-0.117664490444512
55.73,-0.0883162289023474
55.74,-0.0582426943550957
55.75,-0.0295933295473004
55.76,-0.00449377827763064
55.77,0.015072477632108
55.78,0.0273968561199899
55.79,0.0311537024307858
55.8,0.0254838588844594
55.81,0.010091771887829
55.82,-0.0146368570152601
55.83,-0.0475490371856235
55.84,-0.0867326167018945
55.85,-0.129641530100263
55.86,-0.17331546916926
55.87,-0.214641336284318
55.88,-0.250603270038262
55.89,-0.278502739356759
55.9,-0.296155240784286
55.91,-0.302049464654187
55.92,-0.295440915452979
55.93,-0.276378291607041
55.94,-0.245678044840526
55.95,-0.204861620995483
55.96,-0.156070578287212
55.97,-0.101951385870665
55.98,-0.0454807562781166
55.99,0.0102625010520301
56,0.0623349825252534
56.01,0.108144092409512
56.02,0.145629283718671
56.03,0.173396067311402
56.04,0.190789813631065
56.05,0.197905298462887
56.06,0.195534364092238
56.07,0.185050878330759
56.08,0.168244830266476
56.09,0.147148978408502
56.1,0.123894011896154
56.11,0.10058092582631
56.12,0.0791443259846464
56.13,0.0612138524435282
56.14,0.0480169101834662
56.15,0.0403617855761324
56.16,0.0386914993543645
56.17,0.0431529865239192
56.18,0.0536252814538532
56.19,0.0696920695967707
56.2,0.0905998945511176
56.21,0.115256148971327
56.22,0.142273226919187
56.23,0.170028242861098
56.24,0.196724717418302
56.25,0.220475860934578
56.26,0.239435039719493
56.27,0.251966551050579
56.28,0.256814841571885
56.29,0.253241484797692
56.3,0.241137083618757
56.31,0.221117028183526
56.32,0.194570985748037
56.33,0.163612819268426
56.34,0.130905218559942
56.35,0.0993881157195109
56.36,0.0719730395230986
56.37,0.0512540261071597
56.38,0.0392590834560058
56.39,0.0372657275041005
56.4,0.0457137016892395
56.41,0.0642217585831471
56.42,0.0916698458859268
56.43,0.126301773308641
56.44,0.16584227706336
56.45,0.207654029663197
56.46,0.248945708625155
56.47,0.287006279286067
56.48,0.319424730584809
56.49,0.344255396244957
56.5,0.360108666473879
56.51,0.366193343901796
56.52,0.362348901887149
56.53,0.349051901951524
56.54,0.327349775724024
56.55,0.29871981140858
56.56,0.264905236070234
56.57,0.227786188029848
56.58,0.189308979754648
56.59,0.151452272627252
56.6,0.116185430151545
56.61,0.0853889252845576
56.62,0.0607424658607319
56.63,0.0436057905121192
56.64,0.0349054280882729
56.65,0.0350271069310852
56.66,0.0437214571205297
56.67,0.0600486318165301
56.68,0.0823963674076148
56.69,0.108587816272534
56.7,0.136057077904569
56.71,0.162053594811947
56.72,0.18384722852532
56.73,0.198917238081273
56.74,0.205119229390942
56.75,0.200828882595088
56.76,0.185054874083407
56.77,0.157516881154727
56.78,0.118696312790178
56.79,0.0698605153185428
56.8,0.0130378591995065
56.81,-0.0490837003134513
56.82,-0.113327037618577
56.83,-0.176215941977847
56.84,-0.234145759451972
56.85,-0.283551051404806
56.86,-0.32111281466294
56.87,-0.344019122843982
56.88,-0.350259118600391
56.89,-0.338909256949559
56.9,-0.310341397957838
56.91,-0.266272958556727
56.92,-0.209629144944964
56.93,-0.144255946735683
56.94,-0.0745481741051097
56.95,-0.00504230678829164
56.96,0.0599901243292168
56.97,0.116909930425888
56.98,0.162995604960167
56.99,0.196609800870169
57,0.217228196807721
57.01,0.225342220287378
57.02,0.222266250797041
57.03,0.209876956795407
57.04,0.190321323235112
57.05,0.165760632498397
57.06,0.138223486702436
57.07,0.109590306396588
57.08,0.0816606287955687
57.09,0.0562221288645864
57.1,0.0350549500659314
57.11,0.0198425797231946
57.12,0.0120085364211919
57.13,0.0125301447531614
57.14,0.0217781805073443
57.15,0.0394242438072199
57.16,0.0644568641121719
57.17,0.0953122113364054
57.18,0.130060221441914
57.19,0.166568581295683
57.2,0.202628705359047
57.21,0.236094833023418
57.22,0.265073082686729
57.23,0.288118970840284
57.24,0.304353862870708
57.25,0.31344407164152
57.26,0.315465286785939
57.27,0.310729090850627
57.28,0.299640197845299
57.29,0.282616423402096
57.3,0.260080239152131
57.31,0.232507332780754
57.32,0.200490606811554
57.33,0.164785772661777
57.34,0.126341001523358
57.35,0.0863212509652213
57.36,0.0461148531695667
57.37,0.00730607394067154
57.38,-0.02839006588395
57.39,-0.0592413906045767
57.4,-0.0836756031015181
57.41,-0.100498937100597
57.42,-0.109086402040867
57.43,-0.109476495990169
57.44,-0.102355768521864
57.45,-0.0889615962081496
57.46,-0.0709393604267563
57.47,-0.0501821006874341
57.48,-0.0286709043620681
57.49,-0.00832421188266766
57.5,0.009146590831427
57.51,0.0223789094890159
57.52,0.0304806913195062
57.53,0.0331043386774517
57.54,0.0304742332090304
57.55,0.0233825722940531
57.56,0.0131290106101244
57.57,0.00136774363354382
57.58,-0.0101107631006221
57.59,-0.019586363732304
57.6,-0.0255652886483159
57.61,-0.0269055436818267
57.62,-0.0229212339358272
57.63,-0.0134317302267024
57.64,0.00126765970074248
57.65,0.0204846447110848
57.66,0.0432148701647289
57.67,0.0682174603209322
57.68,0.0940897840223051
57.69,0.119360246388965
57.7,0.142608828242208
57.71,0.162588011186503
57.72,0.178297655301079
57.73,0.189003245321507
57.74,0.194240530167221
57.75,0.193864497396824
57.76,0.188155177135321
57.77,0.177924893955173
57.78,0.164548787343774
57.79,0.149876173350182
57.8,0.136032647265409
57.81,0.125156238348991
57.82,0.119112246392894
57.83,0.119217818016399
57.84,0.12601929626154
57.85,0.139190088658503
57.86,0.157588531991734
57.87,0.179444971292595
57.88,0.202616922563356
57.89,0.224861106527623
57.9,0.244071446567885
57.91,0.25845284605845
57.92,0.266657260111306
57.93,0.267913384125495
57.94,0.262113571188964
57.95,0.249795231889272
57.96,0.232011360085637
57.97,0.210135458018274
57.98,0.185644416455935
57.99,0.15991403645702
58,0.134070651595903
58.01,0.108938522122206
58.02,0.0850785796711609
58.03,0.0628625336601214
58.04,0.0425243550646936
58.05,0.0241777139819507
58.06,0.00783230344997804
58.07,-0.00656131950819885
58.08,-0.0190505186673716
58.09,-0.0296372919704884
58.1,-0.0382766283942129
58.11,-0.0449296246236335
58.12,-0.049664447456252
58.13,-0.0527570054075352
58.14,-0.0547266628644934
58.15,-0.0562783025064525
58.16,-0.0581726505269052
58.17,-0.0610754998374296
58.18,-0.065439502819607
58.19,-0.0714467202098772
58.2,-0.0790012576491434
58.21,-0.0877563439164728
58.22,-0.0971895126280886
58.23,-0.106735689616113
58.24,-0.115942029759191
58.25,-0.124589871737927
58.26,-0.132747172626129
58.27,-0.1407302308619
58.28,-0.148979696289943
58.29,-0.157900685120527
58.3,-0.167738579186958
58.31,-0.178532018567497
58.32,-0.190124560323729
58.33,-0.202188474790659
58.34,-0.214243605539904
58.35,-0.225694093900516
58.36,-0.235913221035743
58.37,-0.244371162892809
58.38,-0.250749466554292
58.39,-0.254982709324752
58.4,-0.257214248373674
58.41,-0.257687782609708
58.42,-0.256605904383695
58.43,-0.254001123766862
58.44,-0.24967851068812
58.45,-0.243267245392711
58.46,-0.234366875700182
58.47,-0.222730306547277
58.48,-0.208398827938958
58.49,-0.191708753249662
58.5,-0.173159922739243
58.51,-0.153236137627253
58.52,-0.132290816494159
58.53,-0.110540237998925
58.54,-0.0881352135976636
58.55,-0.0652573846990676
58.56,-0.0421795311193481
58.57,-0.0192453457199791
58.58,0.0032181530799784
58.59,0.0249898606685945
58.6,0.045984000384617
58.61,0.0662023109487797
58.62,0.0856286597882558
58.63,0.104103563511366
58.64,0.121230236401342
58.65,0.136362037975617
58.66,0.14868296919336
58.67,0.15735226742196
58.68,0.161678147250471
58.69,0.161284007577957
58.7,0.156218095280713
58.71,0.146979500947484
58.72,0.134476718367916
58.73,0.119937963604435
58.74,0.104777674338168
58.75,0.0904460338824843
58.76,0.0783120151885525
58.77,0.0696012573767739
58.78,0.0653669089513001
58.79,0.0664651002443517
58.8,0.0735105378236189
58.81,0.0867897616047353
58.82,0.106146477414187
58.83,0.130899027698511
58.84,0.159843046064669
58.85,0.19135078026025
58.86,0.223546801696264
58.87,0.254520818039434
58.88,0.282534049344252
58.89,0.306187108672241
58.9,0.324530069905748
58.91,0.337103225101001
58.92,0.343898531601843
58.93,0.345238391306832
58.94,0.341607311408416
58.95,0.333517150493085
58.96,0.321468086088713
58.97,0.305992096598823
58.98,0.287716515661221
58.99,0.267402091835559
59,0.245954761761452
59.01,0.224424960272836
59.02,0.20398597305609
59.03,0.18587338205935
59.04,0.171288150927259
59.05,0.161279929646723
59.06,0.156627249495943
59.07,0.157732718496348
59.08,0.164547469247489
59.09,0.176534922569969
59.1,0.19269208495212
59.11,0.211640711769595
59.12,0.231763453578882
59.13,0.251347463291382
59.14,0.268738109544908
59.15,0.282520703806339
59.16,0.291700523318135
59.17,0.295811752944648
59.18,0.294905446257013
59.19,0.28942510444114
59.2,0.280030975709543
59.21,0.267447591853196
59.22,0.252379225604279
59.23,0.235482811220101
59.24,0.217349470850092
59.25,0.198459296101382
59.26,0.179114566986852
59.27,0.159380590868972
59.28,0.139063555396087
59.29,0.117742836024625
59.3,0.094864311546054
59.31,0.0698898478983727
59.32,0.0424721115788217
59.33,0.0126032546558659
59.34,-0.0192935140927088
59.35,-0.0523257867926461
59.36,-0.0851488502477783
59.37,-0.116057820043251
59.38,-0.143153206446476
59.39,-0.164547188393413
59.4,-0.178578577118996
59.41,-0.184008742553446
59.42,-0.180161150806641
59.43,-0.166972766381306
59.44,-0.144964230506392
59.45,-0.115170479406651
59.46,-0.0790629601779401
59.47,-0.038469046826228
59.48,0.00451552289524718
59.49,0.0476399081022874
59.5,0.0886568683215653
59.51,0.125510018455786
59.52,0.15650559659314
59.53,0.180431109865239
59.54,0.196595678497132
59.55,0.20479136659428
59.56,0.205209344932102
59.57,0.198343234188716
59.58,0.18488586198926
59.59,0.165634681329788
59.6,0.141448144666874
59.61,0.113274447068932
59.62,0.082212609871141
59.63,0.0495406749138439
59.64,0.0166892660884804
59.65,-0.0148132017919248
59.66,-0.0434054324393486
59.67,-0.0675725611292157
59.68,-0.0859321108104061
59.69,-0.0973154517621748
59.7,-0.100858111508321
59.71,-0.0961039522390732
59.72,-0.0830882514935708
59.73,-0.0623626555043296
59.74,-0.0349683218211179
59.75,-0.00239512592436707
59.76,0.0334548211257137
59.77,0.0703248706105291
59.78,0.105716548403454
59.79,0.137060348821483
59.8,0.161926609608457
59.81,0.178260433792839
59.82,0.184612040045398
59.83,0.180300768813631
59.84,0.16545306976913
59.85,0.140911810000786
59.86,0.108072463897842
59.87,0.0687187263573048
59.88,0.0249048404972981
59.89,-0.0211164270197663
59.9,-0.0669563128874846
59.91,-0.110179818773901
59.92,-0.148436200500803
59.93,-0.179609968857801
59.94,-0.20195480908092
59.95,-0.214196224205866
59.96,-0.215618105312614
59.97,-0.206144019676084
59.98,-0.186401458034386
59.99,-0.157738893856363
60,-0.122158958389958
60.01,-0.0821524445704489
60.02,-0.0404645351872016
60.03,0.000154198802951529
60.04,0.0371867393112837
60.05,0.0685688752098138
60.06,0.0928591702776852
60.07,0.109331580292421
60.08,0.117992401679812
60.09,0.119533225747367
60.1,0.115221650832225
60.11,0.106729116976889
60.12,0.0959062156019948
60.13,0.0845338188816019
60.14,0.0740933470267242
60.15,0.0656102776695806
60.16,0.0596204313273188
60.17,0.056257572291842
60.18,0.0553923334108079
60.19,0.0567390471579631
60.2,0.0598868952921969
60.21,0.0642662121616731
60.22,0.0691149922833021
60.23,0.0735169862387162
60.24,0.0765122025083985
60.25,0.0772171432251687
60.26,0.074917732778884
60.27,0.0691536744808368
60.28,0.0598088535406769
60.29,0.0471853444845772
60.3,0.0320253867290424
60.31,0.0154530401315566
60.32,-0.00116554190514278
60.33,-0.0164012215221711
60.34,-0.0289230321731524
60.35,-0.0376173295107033
60.36,-0.0416821197271576
60.37,-0.04070940823342
60.38,-0.0347320132745331
60.39,-0.0242080729391079
60.4,-0.00995689699026137
60.41,0.00690936467141945
60.42,0.0250355813029303
60.43,0.0428875997638734
60.44,0.0588751622879705
60.45,0.0715280656607153
60.46,0.0796811154664478
60.47,0.0826234018068322
60.48,0.08017002866236
60.49,0.072635899664062
60.5,0.0607436835250806
60.51,0.0455201394659497
60.52,0.0281975529908281
60.53,0.0100995992814879
60.54,-0.00749295754252476
60.55,-0.023462419540977
60.56,-0.0369277390381337
60.57,-0.0472790592054355
60.58,-0.0541982004509756
60.59,-0.0576703614757063
60.6,-0.0579840951916252
60.61,-0.0557204240610809
60.62,-0.0517075086624645
60.63,-0.0469057195215262
60.64,-0.0422360478121527
60.65,-0.0384114094221242
60.66,-0.0358235631008531
60.67,-0.0345074966000664
60.68,-0.0341721500587355
60.69,-0.0342670099008882
60.7,-0.034073239250029
60.71,-0.0328288041720074
60.72,-0.0298745469517219
60.73,-0.0247787685957791
60.74,-0.017405390698953
60.75,-0.00791887722358461
60.76,0.00326328480291954
60.77,0.015555158347953
60.78,0.0282991849279974
60.79,0.0408405325295683
60.8,0.052563926330525
60.81,0.0629127479269089
60.82,0.0714118854495819
60.83,0.0776954229807916
60.84,0.0815374999662687
60.85,0.0828909884940441
60.86,0.0819261930773134
60.87,0.0790404279041898
60.88,0.0748176008809439
60.89,0.0699482118253214
60.9,0.0651266083609453
60.91,0.0609342763557484
60.92,0.0577348663506732
60.93,0.0556236489704389
60.94,0.0544579791130863
60.95,0.053966450670135
60.96,0.0539078754945912
60.97,0.0542198310401371
60.98,0.0550924582675247
60.99,0.0569575649605758
61,0.0604329537657328
61.01,0.0662405623810035
61.02,0.0750731417122986
61.03,0.0873913971905797
61.04,0.103187764968344
61.05,0.121800487633909
61.06,0.141857346481785
61.07,0.16138001400334
61.08,0.178026107354768
61.09,0.189406417233483
61.1,0.193408565035703
61.11,0.188490871493975
61.12,0.173931563683247
61.13,0.149995958910714
61.14,0.117960147154811
61.15,0.0799536650559737
61.16,0.0386571127983672
61.17,-0.00304029241091313
61.18,-0.0423256497644709
61.19,-0.0766758610689232
61.2,-0.10405393160431
61.21,-0.123116715829504
61.22,-0.133377947390229
61.23,-0.135234310849434
61.24,-0.129816705413469
61.25,-0.118714400554332
61.26,-0.103675811179458
61.27,-0.0863913779678508
61.28,-0.0683993706226571
61.29,-0.0510691684356244
61.3,-0.0355903214919625
61.31,-0.0229325602051708
61.32,-0.0137844208336368
61.33,-0.00849617882974502
61.34,-0.00704431329661851
61.35,-0.00901726010480832
61.36,-0.0136176789833467
61.37,-0.0196868244276487
61.38,-0.0257710257582303
61.39,-0.0302507010018553
61.4,-0.0315333356264249
61.41,-0.0282866318437429
61.42,-0.0196643764957412
61.43,-0.00546558390074273
61.44,0.013821500873088
61.45,0.0371046461879963
61.46,0.0628661283767126
61.47,0.0893686499011427
61.48,0.114847888558616
61.49,0.137691263168771
61.5,0.156601621889417
61.51,0.170724749916381
61.52,0.179716879779573
61.53,0.183727862555348
61.54,0.183289120901438
61.55,0.179150808380023
61.56,0.172151197183725
61.57,0.163157616555085
61.58,0.153046222673517
61.59,0.14267064819239
61.6,0.132798688976463
61.61,0.124028446721079
61.62,0.116714841532178
61.63,0.110930705969884
61.64,0.10646257643532
61.65,0.102832517350908
61.66,0.0993464401279218
61.67,0.0951819787489928
61.68,0.0895264135585833
61.69,0.0817406739508544
61.7,0.0714971994669576
61.71,0.0588566235641657
61.72,0.0442809610386903
61.73,0.0286011307846564
61.74,0.0129577342737442
61.75,-0.00129748718927311
61.76,-0.0127801810059284
61.77,-0.0203334082777835
61.78,-0.0232879516596598
61.79,-0.0216149387678416
61.8,-0.0159264747691907
61.81,-0.00735252228292194
61.82,0.00265970543937918
61.83,0.0125760275544862
61.84,0.0209809453674473
61.85,0.0267262315059439
61.86,0.02901866867523
61.87,0.0274414474610744
61.88,0.0219098682098564
61.89,0.0125986154198366
61.9,-0.000107190325497084
61.91,-0.0156177534444106
61.92,-0.0331238705894523
61.93,-0.051601157148687
61.94,-0.0698546746287648
61.95,-0.0865909618292439
61.96,-0.100499610680845
61.97,-0.110352581798066
61.98,-0.115132760954197
61.99,-0.114173629590994
62,-0.107269710867611
62.01,-0.0947156138275262
62.02,-0.0772495924006411
62.03,-0.0559265426506744
62.04,-0.0319846616780924
62.05,-0.00674344526303885
62.06,0.0184804742372613
62.07,0.0424532807358297
62.08,0.064077997317449
62.09,0.0823959711211208
62.1,0.0965482169644176
62.11,0.105745975000458
62.12,0.109295853110825
62.13,0.106692595196149
62.14,0.0977573847687569
62.15,0.0827633431029505
62.16,0.0624772621830322
62.17,0.0380931861836514
62.18,0.0110949892263902
62.19,-0.0169044710307352
62.2,-0.044314146315988
62.21,-0.0696726313481732
62.22,-0.091697016225326
62.23,-0.10929255301193
62.24,-0.121553425750244
62.25,-0.127772056740677
62.26,-0.127466274712015
62.27,-0.120427997267487
62.28,-0.106786988978544
62.29,-0.0870648434709886
62.3,-0.0621821220835347
62.31,-0.0334120303250496
62.32,-0.00231775692486038
62.33,0.0293040825622655
62.34,0.0595086068436723
62.35,0.0863687761708968
62.36,0.108218586718341
62.37,0.123893346679429
62.38,0.132868484384687
62.39,0.135244511484489
62.4,0.131590391787928
62.41,0.122711764412232
62.42,0.109438831862313
62.43,0.0925148434328258
62.44,0.072611554775169
62.45,0.0504249030089168
62.46,0.0267557618589833
62.47,0.00250404230418376
62.48,-0.0214165757725116
62.49,-0.0441762892694182
62.5,-0.0650720260375127
62.51,-0.0834941651226708
62.52,-0.0988574796009459
62.53,-0.110568645027788
62.54,-0.118072005501207
62.55,-0.120954204817332
62.56,-0.119059508948242
62.57,-0.112576367251329
62.58,-0.1020677780417
62.59,-0.0884325931550455
62.6,-0.0728094607084007
62.61,-0.0564524407190691
62.62,-0.0406045074175122
62.63,-0.026382325466937
62.64,-0.0146858720147034
62.65,-0.0061503409843649
62.66,-0.00113163859569822
62.67,0.000314159506286721
62.68,-0.00151985418381722
62.69,-0.00593992322083986
62.7,-0.0118568837282082
62.71,-0.017897856369653
62.72,-0.0226201974961273
62.73,-0.0247552821096396
62.74,-0.0233862253416521
62.75,-0.0180094471827914
62.76,-0.00850368977545271
62.77,0.00493121137608273
62.78,0.0218231564774809
62.79,0.0414605716690677
62.8,0.062919343657828
62.81,0.0851003411555571
62.82,0.10680744915864
62.83,0.126868965626756
62.84,0.144248246026207
62.85,0.158098412207937
62.86,0.167789889866906
62.87,0.172966275529632
62.88,0.173627955986439
62.89,0.170184734744403
62.9,0.163423215879549
62.91,0.15438696791363
62.92,0.144215237708353
62.93,0.13398671480562
62.94,0.124581130114391
62.95,0.116558552697572
62.96,0.11007307098099
62.97,0.104845795912794
62.98,0.100211145168274
62.99,0.0952327029296058
63,0.088864370963773
63.01,0.0801201594654659
63.02,0.0682245422766153
63.03,0.0527257465315482
63.04,0.0335478459512285
63.05,0.0109635868105817
63.06,-0.0144872586097504
63.07,-0.0420756930408826
63.08,-0.0709258682920004
63.09,-0.100039141642012
63.1,-0.128326353036054
63.11,-0.15466361977751
63.12,-0.177981630638152
63.13,-0.197374460545952
63.14,-0.212189017083553
63.15,-0.222079112602787
63.16,-0.227040319170901
63.17,-0.227424083803777
63.18,-0.223907331107817
63.19,-0.217419096511702
63.2,-0.209050479185043
63.21,-0.199952399792394
63.22,-0.191197343622192
63.23,-0.18360309511107
63.24,-0.177573481306891
63.25,-0.17302846247089
63.26,-0.169449995730219
63.27,-0.166015731885486
63.28,-0.16176501544784
63.29,-0.155738160581732
63.3,-0.147056245069655
63.31,-0.134955941139268
63.32,-0.118822500305536
63.33,-0.0982542273951728
63.34,-0.0731629274519782
63.35,-0.043886829183939
63.36,-0.0112728540394816
63.37,0.023316632998843
63.38,0.0580954769464608
63.39,0.0910349428436978
63.4,0.120106778675236
63.41,0.143555103883066
63.42,0.160153218852547
63.43,0.169380444142411
63.44,0.171451010076521
63.45,0.167178781858384
63.46,0.157744976769385
63.47,0.144462778956517
63.48,0.128583124149293
63.49,0.111151376956028
63.5,0.0929434259297373
63.51,0.0745050549894115
63.52,0.0562607802754069
63.53,0.0386228136458872
63.54,0.0220553572768042
63.55,0.00708605835611984
63.56,-0.00573547601549979
63.57,-0.0159370287072071
63.58,-0.0232652895096592
63.59,-0.0278108487642634
63.6,-0.0300481476980855
63.61,-0.030773400392199
63.62,-0.030984566437376
63.63,-0.0317502347586296
63.64,-0.0340685320271329
63.65,-0.0386992229934316
63.66,-0.0459943537177375
63.67,-0.0557976364562234
63.68,-0.0674722750746819
63.69,-0.0800560818726675
63.7,-0.0924801226931091
63.71,-0.103775986398134
63.72,-0.11322733481355
63.73,-0.120442324019456
63.74,-0.125339926991572
63.75,-0.128075696123285
63.76,-0.128956060647928
63.77,-0.128388244830692
63.78,-0.126887100421482
63.79,-0.125113211799103
63.8,-0.123882209259864
63.81,-0.12409810196141
63.82,-0.126611465670569
63.83,-0.13205266139944
63.84,-0.14070487477257
63.85,-0.152446543954547
63.86,-0.166749155558013
63.87,-0.182707028536279
63.88,-0.19909047919962
63.89,-0.214431571827388
63.9,-0.227155283991528
63.91,-0.23574655210614
63.92,-0.238925521845199
63.93,-0.235813490972412
63.94,-0.226073203028228
63.95,-0.209984868353846
63.96,-0.188426940479362
63.97,-0.162780504187689
63.98,-0.134800708781115
63.99,-0.106470819090758
64,-0.0798289677624466
64.01,-0.0567720866667513
64.02,-0.0388724134681676
64.03,-0.0272467529558874
64.04,-0.0224866155342009
64.05,-0.0246354931640117
64.06,-0.0332191870239571
64.07,-0.0473403868561834
64.08,-0.0658094808477706
64.09,-0.0872720627153371
64.1,-0.110328193665961
64.11,-0.133646470265528
64.12,-0.156051601601098
64.13,-0.176560468381697
64.14,-0.194366869653967
64.15,-0.208800727018695
64.16,-0.219287229898329
64.17,-0.225311660613091
64.18,-0.226390494326752
64.19,-0.222066166509577
64.2,-0.211952081844741
64.21,-0.195830849902644
64.22,-0.173764552501537
64.23,-0.146161037971254
64.24,-0.113774930877181
64.25,-0.0776609224070681
64.26,-0.0391101646869751
64.27,0.000400493661378963
64.28,0.0392374819744756
64.29,0.0756470553187357
64.3,0.107838183652915
64.31,0.134115812016993
64.32,0.153039342158652
64.33,0.163580265779257
64.34,0.165258513607622
64.35,0.158238251919724
64.36,0.143357135861862
64.37,0.122062615206044
64.38,0.0962586801761049
64.39,0.068108034971615
64.4,0.0398503872676716
64.41,0.0136735839010649
64.42,-0.00837825321875373
64.43,-0.0245116131412629
64.44,-0.0333351791279864
64.45,-0.0340316409845341
64.46,-0.02649558615155
64.47,-0.0113857689373749
64.48,0.00994432238776252
64.49,0.0356387302546929
64.5,0.0636002248235883
64.51,0.0917420184511933
64.52,0.118188260484025
64.53,0.141416077048143
64.54,0.160321863494852
64.55,0.174204065207099
64.56,0.182707073329497
64.57,0.185787415799642
64.58,0.183716398700068
64.59,0.177080851869861
64.6,0.16673439435925
64.61,0.153695481632494
64.62,0.139041308806428
64.63,0.123843493664472
64.64,0.109141351898607
64.65,0.095916390035833
64.66,0.0850471685441377
64.67,0.0772560222907642
64.68,0.0730602758469518
64.69,0.0727205809426377
64.7,0.0761856179812151
64.71,0.0830538281156273
64.72,0.09257229620905
64.73,0.103683787797703
64.74,0.115129090457067
64.75,0.12559549133892
64.76,0.133875497313604
64.77,0.139000217399914
64.78,0.140346746325349
64.79,0.137735194068754
64.8,0.131505408151505
64.81,0.122542583315962
64.82,0.11222800231149
64.83,0.102299716720283
64.84,0.0946175587494591
64.85,0.0908677019636623
64.86,0.0922923610111687
64.87,0.0995194676906701
64.88,0.112498407886861
64.89,0.130506701191314
64.9,0.152209267447463
64.91,0.175777554399782
64.92,0.199076088900646
64.93,0.219903075159534
64.94,0.236242214714745
64.95,0.246470406865984
64.96,0.249488115576428
64.97,0.244769123737419
64.98,0.232341702243608
64.99,0.212728079291429
65,0.186879872841414
65.01,0.156127888876411
65.02,0.122122908383161
65.03,0.0867338193667269
65.04,0.0519088611125071
65.05,0.0195272563910204
65.06,-0.00875572039289759
65.07,-0.0316676691017427
65.08,-0.0484433872871647
65.09,-0.0588752565668948
65.1,-0.0632857239873927
65.11,-0.062436020884412
65.12,-0.0573964987278497
65.13,-0.0494134504810291
65.14,-0.0397824576660077
65.15,-0.0297205552024368
65.16,-0.0202646181772326
65.17,-0.0122370656487579
65.18,-0.00626100281663024
65.19,-0.00276580198999766
65.2,-0.00196482181294201
65.21,-0.00384054832086506
65.22,-0.00817053880424214
65.23,-0.0145812444381072
65.24,-0.0225801640605356
65.25,-0.0315450286076142
65.26,-0.0407187689849094
65.27,-0.0492735186241857
65.28,-0.0564384483579
65.29,-0.0616190531895725
65.3,-0.0644405234276376
65.31,-0.0647052526107995
65.32,-0.0623030724664697
65.33,-0.0571216606396869
65.34,-0.0489931921787926
65.35,-0.0377040718617621
65.36,-0.0230699737558771
65.37,-0.00503616270035107
65.38,0.0162512262293051
65.39,0.0404333503011263
65.4,0.0669878663202248
65.41,0.095315183901027
65.42,0.124822471159289
65.43,0.154979204328334
65.44,0.185339865483041
65.45,0.215532327849115
65.46,0.24521157777601
65.47,0.273997670226016
65.48,0.301431642251665
65.49,0.326969965772675
65.5,0.350005082352587
65.51,0.36987259874298
65.52,0.3858212924652
65.53,0.396976223004523
65.54,0.402351052046512
65.55,0.400939004993897
65.56,0.391879308412994
65.57,0.374668948834944
65.58,0.349358185291562
65.59,0.316670596204824
65.6,0.278032354815532
65.61,0.235520677445641
65.62,0.191726793604226
65.63,0.149517719678126
65.64,0.111708369847255
65.65,0.0807040591616452
65.66,0.0581900111488659
65.67,0.0449180914304861
65.68,0.0406222177062944
65.69,0.0440961258232556
65.7,0.0534379956473409
65.71,0.066393757637939
65.72,0.0806862021694777
65.73,0.0942465465648734
65.74,0.105324103051505
65.75,0.112493494909331
65.76,0.114614598005806
65.77,0.110815536412934
65.78,0.100526998575072
65.79,0.0835280759080263
65.8,0.0599584421130564
65.81,0.0303106254595767
65.82,-0.00456245822914067
65.83,-0.0434364695859136
65.84,-0.0847498885267244
65.85,-0.126711374468272
65.86,-0.167453109658628
65.87,-0.205164853368842
65.88,-0.238161433749421
65.89,-0.264890128160478
65.9,-0.283918590785828
65.91,-0.293945088443059
65.92,-0.293861647109255
65.93,-0.282883136727225
65.94,-0.260721983751023
65.95,-0.227748148180044
65.96,-0.185065701606621
65.97,-0.134482080113898
65.98,-0.0783984867655546
65.99,-0.0196516038478588
66,0.0386878495016629
66.01,0.0935500950601535
66.02,0.142109561366975
66.03,0.182012742905732
66.04,0.211563446713757
66.05,0.229828926103911
66.06,0.236648738649325
66.07,0.232569045603144
66.08,0.21875030263463
66.09,0.196883397342208
66.1,0.169107034781119
66.11,0.137887484026426
66.12,0.105836815883564
66.13,0.0754911550085392
66.14,0.04909468020528
66.15,0.0284175533372438
66.16,0.0146113201939457
66.17,0.00811774797672318
66.18,0.00867874731129195
66.19,0.0154752772800383
66.2,0.027347074172521
66.21,0.0429999819406963
66.22,0.0611405157753615
66.23,0.0805406268838371
66.24,0.100073671342201
66.25,0.118760183319521
66.26,0.135825368181574
66.27,0.150730713350731
66.28,0.16314421532494
66.29,0.172852744829683
66.3,0.179651776382408
66.31,0.183255804248942
66.32,0.183265748404267
66.33,0.17920999250403
66.34,0.17064372806085
66.35,0.157261110222279
66.36,0.138973015305324
66.37,0.115935779238349
66.38,0.0885571887016591
66.39,0.0575169384378422
66.4,0.023796405304459
66.41,-0.0113354814975198
66.42,-0.0464107625279165
66.43,-0.0798952857331239
66.44,-0.110327771304883
66.45,-0.136457534405032
66.46,-0.157372333957504
66.47,-0.172579031801196
66.48,-0.18200466294915
66.49,-0.185938640751472
66.5,-0.184961889277802
66.51,-0.179869464585352
66.52,-0.171576118096432
66.53,-0.161028595329575
66.54,-0.149147355245062
66.55,-0.136779331790313
66.56,-0.124643447704458
66.57,-0.113287830414033
66.58,-0.103084678630809
66.59,-0.094258280097811
66.6,-0.0869290182883066
66.61,-0.0811751102967649
66.62,-0.0771084715137624
66.63,-0.0749306599102352
66.64,-0.0749407692322811
66.65,-0.0774937649855742
66.66,-0.0829084556014326
66.67,-0.091334048991362
66.68,-0.102625324687357
66.69,-0.116284902416936
66.7,-0.131480834159919
66.71,-0.147107743331274
66.72,-0.161871054043102
66.73,-0.174396456689488
66.74,-0.183364888057296
66.75,-0.18765652051294
66.76,-0.186474107060419
66.77,-0.179416028766335
66.78,-0.166484250307119
66.79,-0.148036881663202
66.8,-0.124718517356542
66.81,-0.0973967021199559
66.82,-0.0670959629480704
66.83,-0.0349111138555407
66.84,-0.00192589806635806
66.85,0.0308092354308868
66.86,0.0622320654754433
66.87,0.091213383111598
66.88,0.116553211455595
66.89,0.137053627806813
66.9,0.151675630334412
66.91,0.159764638697844
66.92,0.16127199870249
66.93,0.156862533654048
66.94,0.147833220219975
66.95,0.135860775880566
66.96,0.122677320713799
66.97,0.10977566983694
66.98,0.0981935129002465
66.99,0.0883937682123689
67,0.080258004714095
67.01,0.0732065796798938
67.02,0.0664306392571169
67.03,0.0591749545969521
67.04,0.0509824958142393
67.05,0.0418206885155001
67.06,0.0320548619002953
67.07,0.0223093487037915
67.08,0.0133012907541659
67.09,0.00569660870986504
67.1,-1.44221780356616e-05
67.11,-0.00362184201762884
67.12,-0.00525889219913045
67.13,-0.00540734044013588
67.14,-0.00484271960595791
67.15,-0.00451551163823905
67.16,-0.00537159891195995
67.17,-0.00814866241218864
67.18,-0.0132153984951277
67.19,-0.0205099037690031
67.2,-0.0295903028586241
67.21,-0.0397655319312836
67.22,-0.050244929932346
67.23,-0.060248480303784
67.24,-0.0690528657854641
67.25,-0.0759857439582732
67.26,-0.0804062916138956
67.27,-0.0817087372526308
67.28,-0.079352283782138
67.29,-0.0728948996462899
67.3,-0.0620211415361677
67.31,-0.0465762372075375
67.32,-0.0266159196011553
67.33,-0.00246782816415431
67.34,0.0252040445183985
67.35,0.0553431477496209
67.36,0.0864751099383009
67.37,0.11675220386951
67.38,0.144109995472253
67.39,0.166546472192447
67.4,0.182465231966949
67.41,0.190968296858015
67.42,0.192000516968292
67.43,0.186323250729935
67.44,0.175355776082182
67.45,0.160937333750143
67.46,0.145062918930409
67.47,0.129644981594773
67.48,0.116330120283132
67.49,0.106367276459179
67.5,0.100515427093886
67.51,0.0989879015038503
67.52,0.101441513633255
67.53,0.107030032492715
67.54,0.11453056340682
67.55,0.122512180999602
67.56,0.129493867487965
67.57,0.134063288261119
67.58,0.134968853312413
67.59,0.131205796847655
67.6,0.122092746842971
67.61,0.107323369929027
67.62,0.0869883221563072
67.63,0.0615719829000304
67.64,0.031930212511408
67.65,-0.000754134249890016
67.66,-0.0350603638471353
67.67,-0.0694823535434549
67.68,-0.10261691775641
67.69,-0.133322179678681
67.7,-0.160804388351707
67.71,-0.184640040095946
67.72,-0.20475302766412
67.73,-0.221363121607948
67.74,-0.234915374987791
67.75,-0.245973332304998
67.76,-0.255051767246283
67.77,-0.262413244782411
67.78,-0.267906478506668
67.79,-0.270925089030313
67.8,-0.270517206780938
67.81,-0.265609363646355
67.82,-0.255257687813478
67.83,-0.238843050331642
67.84,-0.216187029588187
67.85,-0.187625398875778
67.86,-0.154060787736829
67.87,-0.116949658965497
67.88,-0.07817652546034
67.89,-0.0398405323821705
67.9,-0.00401546247677957
67.91,0.0274778914377814
67.92,0.0532553239103972
67.93,0.0724684588443704
67.94,0.0848105509582415
67.95,0.0904666678250321
67.96,0.0900405441836336
67.97,0.0844600845723613
67.98,0.0748669996271116
67.99,0.0625075465034086
68,0.048638381444606
68.01,0.0344590273035224
68.02,0.0210712609748485
68.03,0.00945701646416584
68.04,0.000475672854273373
68.05,-0.00512108879878059
68.06,-0.00667420672630642
68.07,-0.00361899608731425
68.08,0.00448658966667061
68.09,0.0179034643156469
68.1,0.0366325469050435
68.11,0.0603331962420184
68.12,0.0882515187446931
68.13,0.119169132897972
68.14,0.151382718936148
68.15,0.182727083652529
68.16,0.210667797660006
68.17,0.23248837047999
68.18,0.245570844552691
68.19,0.247740502976752
68.2,0.23760840984944
68.21,0.214813716901029
68.22,0.180102427755372
68.23,0.135264371941947
68.24,0.082993273348946
68.25,0.0267075474738087
68.26,-0.0296787056684729
68.27,-0.0820626472418104
68.28,-0.126529253434484
68.29,-0.159724664710352
68.3,-0.179137132557954
68.31,-0.183258678287318
68.32,-0.17166276373288
68.33,-0.145023286692985
68.34,-0.105066551895602
68.35,-0.0544550021715808
68.36,0.00338728904808233
68.37,0.0645172382249807
68.38,0.12479373945495
68.39,0.180239477897104
68.4,0.227367021227378
68.41,0.263418269458375
68.42,0.28652429077282
68.43,0.295806409706202
68.44,0.291408867138653
68.45,0.274442317316035
68.46,0.246843567659371
68.47,0.211180023420719
68.48,0.170414815122422
68.49,0.127630322631026
68.5,0.0857349163054879
68.51,0.0472155129157717
68.52,0.0139800394868158
68.53,-0.012706239656714
68.54,-0.0321906775598318
68.55,-0.0443115575148266
68.56,-0.0492194799550501
68.57,-0.0472040296589335
68.58,-0.038583417461508
68.59,-0.0236925744745952
68.6,-0.00297840089583834
68.61,0.0228287982383605
68.62,0.0525460410111106
68.63,0.0844640165390177
68.64,0.116421213652954
68.65,0.146003156958773
68.66,0.170791251419223
68.67,0.188600056172796
68.68,0.197686408319209
68.69,0.196924039137448
68.7,0.185929014102406
68.71,0.165123749834661
68.72,0.135727251004227
68.73,0.0996620836241695
68.74,0.0593854084638516
68.75,0.0176694457654442
68.76,-0.0226327482633038
68.77,-0.0588024293856406
68.78,-0.088435874881791
68.79,-0.109595300405261
68.8,-0.120937003172059
68.81,-0.121808727504093
68.82,-0.112290090831907
68.83,-0.0931570929862041
68.84,-0.0657962215214146
68.85,-0.0321153101108429
68.86,0.00554888414401189
68.87,0.0445701958645091
68.88,0.0822320260842797
68.89,0.115943908988526
68.9,0.143434773743967
68.91,0.162923676797828
68.92,0.173282789666719
68.93,0.174167909832152
68.94,0.166056896139657
68.95,0.150174228466784
68.96,0.128348458164147
68.97,0.102854000636389
68.98,0.0762385016888662
68.99,0.0511093068790038
69,0.0298720308568166
69.01,0.0144576186485418
69.02,0.00610738410251182
69.03,0.00527752229702489
69.04,0.0116723414628578
69.05,0.0243523949125988
69.06,0.0418465006501682
69.07,0.0622450570302499
69.08,0.083311146651531
69.09,0.10265321579807
69.1,0.117959159003295
69.11,0.127252077038165
69.12,0.129129803807478
69.13,0.122959040957633
69.14,0.108980610422706
69.15,0.0882835716926145
69.16,0.0626447919752955
69.17,0.0342710101973597
69.18,0.00550299662881825
69.19,-0.0214469434314507
69.2,-0.0446654934842188
69.21,-0.0626116315782901
69.22,-0.074148155239642
69.23,-0.078585554601895
69.24,-0.0757306139444841
69.25,-0.0659020163329025
69.26,-0.0499033873467107
69.27,-0.028958495299311
69.28,-0.00460382252623786
69.29,0.0214479553903505
69.3,0.0474351792661734
69.31,0.0716441437419898
69.32,0.0924903607169969
69.33,0.108606019413115
69.34,0.118933347457091
69.35,0.122803996373091
69.36,0.119987878450711
69.37,0.110707292218449
69.38,0.0956197537592069
69.39,0.0757766066711452
69.4,0.0525628861136545
69.41,0.0276181319444192
69.42,0.00272949749297469
69.43,-0.0203135596122548
69.44,-0.039889086422679
69.45,-0.0546901643413337
69.46,-0.0638157208644276
69.47,-0.0668132496080486
69.48,-0.0636876191754838
69.49,-0.0548692361006726
69.5,-0.0411458057020242
69.51,-0.0235848706625859
69.52,-0.00345755177320098
69.53,0.0178581231032746
69.54,0.0390004298645227
69.55,0.0587293820292002
69.56,0.0759664402403128
69.57,0.089785145422658
69.58,0.0994220296034
69.59,0.104346978762102
69.6,0.104355928278181
69.61,0.0996212849996562
69.62,0.090675652614061
69.63,0.0783444326933979
69.64,0.0636491417569852
69.65,0.0477034305427419
69.66,0.0316188728066038
69.67,0.0164122064162475
69.68,0.0029011141854993
69.69,-0.00838379708442371
69.7,-0.0172235577619123
69.71,-0.0236634841188748
69.72,-0.0279229478560656
69.73,-0.0302889856244178
69.74,-0.0310124530108327
69.75,-0.0302360708812356
69.76,-0.0279844212033696
69.77,-0.0242057902165699
69.78,-0.0188130185985105
69.79,-0.0116910602328245
69.8,-0.00270139301702175
69.81,0.00826827119214606
69.82,0.0212121769311873
69.83,0.0359277455933191
69.84,0.0519883673852909
69.85,0.0687543032507313
69.86,0.085396575375724
69.87,0.100934489222544
69.88,0.114306549314531
69.89,0.124496111686558
69.9,0.13070595237058
69.91,0.132522807190224
69.92,0.129993562445395
69.93,0.123589929320129
69.94,0.114113756908918
69.95,0.102598303272118
69.96,0.0901956060089281
69.97,0.0780151987453598
69.98,0.0669340139554856
69.99,0.0574481686827277
70,0.0496234573577874
70.01,0.0431510069619859
70.02,0.0374822680716082
70.03,0.0320118896706131
70.04,0.026269920206603
70.05,0.0200745442517464
70.06,0.0135986898190503
70.07,0.0073225287884447
70.08,0.00188740457003079
70.09,-0.00208129218802749
70.1,-0.00411100642145036
70.11,-0.00396094262906618
70.12,-0.00166296588367626
70.13,0.00247293188939094
70.14,0.00789958027283253
70.15,0.0139017781611301
70.16,0.0196618861121035
70.17,0.0243223066711225
70.18,0.0270626979664734
70.19,0.0271900044663752
70.2,0.0242209363285235
70.21,0.017939990513834
70.22,0.00843774049521408
70.23,-0.00386413344592153
70.24,-0.0182281067034092
70.25,-0.0336790223833608
70.26,-0.0491046840901244
70.27,-0.0633180507976235
70.28,-0.0750855000891641
70.29,-0.0831859290071928
70.3,-0.0865458242991416
70.31,-0.0844263764934937
70.32,-0.0765923075217414
70.33,-0.0634014983572056
70.34,-0.0457963297105024
70.35,-0.0252056259061369
70.36,-0.00337221600489872
70.37,0.0178626474887454
70.38,0.0367680180016047
70.39,0.051893384450671
70.4,0.0621995760966984
70.41,0.0671481012786598
70.42,0.0667344083182332
70.43,0.0614551655097189
70.44,0.0522129941079198
70.45,0.0401808567901335
70.46,0.0266553226795563
70.47,0.0129181630332734
70.48,0.000128864681428243
70.49,-0.010733008029639
70.5,-0.0188910178650834
70.51,-0.0237855623917412
70.52,-0.0250766541751925
70.53,-0.022638754069171
70.54,-0.0165748256271511
70.55,-0.00725324779526512
70.56,0.00467175226504911
70.57,0.0182927375222663
70.58,0.0325473521352808
70.59,0.0463750620777094
70.6,0.0588814961271737
70.61,0.0694270493641725
70.62,0.0776049121414965
70.63,0.0831661846932406
70.64,0.0859829059575031
70.65,0.0860864583720679
70.66,0.0837433343989416
70.67,0.0795029037232848
70.68,0.0741853030516457
70.69,0.0688224610614935
70.7,0.0645724578933771
70.71,0.0626024710356457
70.72,0.0639213197713226
70.73,0.0691763897839614
70.74,0.0784908572915539
70.75,0.0914306214078325
70.76,0.107125536374488
70.77,0.124485547195367
70.78,0.142419148740859
70.79,0.159983695342623
70.8,0.176441076113206
70.81,0.19124078311299
70.82,0.203984134046223
70.83,0.214404898557291
70.84,0.222354392212505
70.85,0.227769950698518
70.86,0.230637746431777
70.87,0.230975529043258
70.88,0.228840597677758
70.89,0.224349567381618
70.9,0.217696641691511
70.91,0.209158178412482
70.92,0.199072266265454
70.93,0.187796714828206
70.94,0.17566754589887
70.95,0.162984666899254
70.96,0.150032266256466
70.97,0.13710960324137
70.98,0.12454353224924
70.99,0.112682112353611
71,0.101880088523954
71.01,0.0924717721443241
71.02,0.0847236198469297
71.03,0.0787755401051629
71.04,0.0745907948685338
71.05,0.0719311528752885
71.06,0.070365015877724
71.07,0.0693026726479744
71.08,0.0680444612797514
71.09,0.0658366763603365
71.1,0.0619432181572389
71.11,0.0557415116889882
71.12,0.046835211964855
71.13,0.0351520395492292
71.14,0.0209917296465733
71.15,0.0050182352485892
71.16,-0.0117790441367909
71.17,-0.0281306712890861
71.18,-0.0425423808142756
71.19,-0.0533830867074481
71.2,-0.0590246371067815
71.21,-0.0580334763198445
71.22,-0.0493781760438491
71.23,-0.0325869392452278
71.24,-0.0078112479335748
71.25,0.0241975462147618
71.26,0.0621666694510624
71.27,0.104401018294179
71.28,0.148875021352579
71.29,0.193315604372628
71.3,0.235302699277583
71.31,0.272408805532138
71.32,0.302382452033241
71.33,0.323381090196607
71.34,0.334238266007071
71.35,0.334696048650215
71.36,0.325511188842796
71.37,0.308378859450559
71.38,0.285682680142219
71.39,0.260147352681778
71.4,0.234498415881401
71.41,0.211194478175593
71.42,0.192231300539438
71.43,0.178991478821553
71.44,0.172145618599862
71.45,0.171637570393677
71.46,0.176752020689389
71.47,0.186225082934539
71.48,0.198381019008285
71.49,0.211312825391974
71.5,0.223115413591851
71.51,0.232134515232556
71.52,0.237150906193797
71.53,0.237438830308059
71.54,0.232718776206279
71.55,0.223074807951303
71.56,0.208880781452979
71.57,0.190731368134423
71.58,0.169359397219621
71.59,0.145546803075177
71.6,0.120060472514526
71.61,0.0936231022814083
71.62,0.0668926268175644
71.63,0.0404313967035945
71.64,0.0146772599257955
71.65,-0.0100643412100611
71.66,-0.0335954115913022
71.67,-0.0557694429171646
71.68,-0.0764305388876965
71.69,-0.0953791786729483
71.7,-0.112371975369077
71.71,-0.127141720279584
71.72,-0.139422258027512
71.73,-0.148972385001659
71.74,-0.155604684784333
71.75,-0.159221953554441
71.76,-0.159844684421142
71.77,-0.157606737497397
71.78,-0.152720414648709
71.79,-0.145441949682668
71.8,-0.136064410354778
71.81,-0.124933345987192
71.82,-0.112463969317091
71.83,-0.0991444477456551
71.84,-0.0855112124856735
71.85,-0.0720864682018787
71.86,-0.0592977092659101
71.87,-0.047424509489731
71.88,-0.0366089121479476
71.89,-0.026935540871867
71.9,-0.0185429166125251
71.91,-0.0116916247459368
71.92,-0.00673709831045197
71.93,-0.00402015187133158
71.94,-0.00373269134379624
71.95,-0.00581834000704722
71.96,-0.00994268489111064
71.97,-0.015530425339072
71.98,-0.0218423332857596
71.99,-0.0280659757910243
72,-0.0334041176568447
72.01,-0.0371571881068378
72.02,-0.0388013320528033
72.03,-0.0380460317474113
72.04,-0.0348476623258817
72.05,-0.0293785793649142
72.06,-0.0219640018012864
72.07,-0.0129933967293348
72.08,-0.00282889869644254
72.09,0.00824503045085593
72.1,0.0200108242072665
72.11,0.0322728668837272
72.12,0.044813235521977
72.13,0.0573618658848123
72.14,0.0695816855181635
72.15,0.0810658381917498
72.16,0.0913492503691422
72.17,0.0999478340211907
72.18,0.106438228869024
72.19,0.110568178968745
72.2,0.112353971890445
72.21,0.112114014210526
72.22,0.110427936883914
72.23,0.108050098530442
72.24,0.105797111121006
72.25,0.104413435961825
72.26,0.10443562779322
72.27,0.106085789246939
72.28,0.109213190493458
72.29,0.113301256489228
72.3,0.117559318923532
72.31,0.121092478487091
72.32,0.123104103474037
72.33,0.123084628278599
72.34,0.120968436612832
72.35,0.117238618962706
72.36,0.112934863646006
72.37,0.109531860569808
72.38,0.108710352526619
72.39,0.11209144147587
72.4,0.121006002905309
72.41,0.136330634135142
72.42,0.158374819352883
72.43,0.186782805469957
72.44,0.220440590389362
72.45,0.25743419790697
72.46,0.295123382837212
72.47,0.330353605025024
72.48,0.359783447476143
72.49,0.380285256782253
72.5,0.389352870652941
72.51,0.385426500616981
72.52,0.368074772922435
72.53,0.338036611166621
72.54,0.297141474871344
72.55,0.248109238035099
72.56,0.19425074437016
72.57,0.139124660680623
72.58,0.0861995808093417
72.59,0.0385518536326136
72.6,-0.0013624207802628
72.61,-0.0318248730231629
72.62,-0.0518701299750848
72.63,-0.0612518812829083
72.64,-0.0604067307979289
72.65,-0.050427940067011
72.66,-0.0330329772387392
72.67,-0.0104807904162897
72.68,0.0146121550863031
72.69,0.0395577912510474
72.7,0.0619149862470181
72.71,0.0797442232296841
72.72,0.09173009968281
72.73,0.0971678449652535
72.74,0.0958669132940294
72.75,0.0880351658106193
72.76,0.0741923701819272
72.77,0.055137956870015
72.78,0.0319483787806323
72.79,0.0059439340791589
72.8,-0.0214040314412212
72.81,-0.0485979291205584
72.82,-0.0742236553327174
72.83,-0.0970149718411696
72.84,-0.115875746731049
72.85,-0.129886001466213
72.86,-0.138300791369911
72.87,-0.140537299405901
72.88,-0.136172859202501
72.89,-0.124985304394343
72.9,-0.107035767408383
72.91,-0.0827748216101985
72.92,-0.0531386027039252
72.93,-0.0195716830516308
72.94,0.016076360763431
72.95,0.0517566092630505
72.96,0.085444053068374
72.97,0.115317334404059
72.98,0.139886690805977
72.99,0.158079867247976
73,0.16929751213219
73.01,0.17344708125741
73.02,0.17094080870843
73.03,0.162634491299075
73.04,0.149723300314897
73.05,0.133638173479065
73.06,0.115947534842282
73.07,0.0982236996299343
73.08,0.0818545833999911
73.09,0.0678402968588231
73.1,0.0566420793166292
73.11,0.0481405245861531
73.12,0.0417315986437817
73.13,0.036540138375798
73.14,0.0316795681347866
73.15,0.0264689006118331
73.16,0.0205434448398807
73.17,0.0138561562309786
73.18,0.00661806199391488
73.19,-0.000780412476856439
73.2,-0.00785684358867921
73.21,-0.014125646476329
73.22,-0.019173429229128
73.23,-0.0227132777245027
73.24,-0.0246099478919374
73.25,-0.0248544081001537
73.26,-0.0234860069125169
73.27,-0.020513710095009
73.28,-0.0158970148113356
73.29,-0.00958621064109669
73.3,-0.00156747559466662
73.31,0.00812143417738247
73.32,0.0193804283693806
73.33,0.0320082928729732
73.34,0.0456569114450083
73.35,0.0598304596207001
73.36,0.0739441938932806
73.37,0.0874134125300626
73.38,0.0997409459583606
73.39,0.110584803650238
73.4,0.119785304180885
73.41,0.127323723312184
73.42,0.133211422104385
73.43,0.137364616056195
73.44,0.139533644196009
73.45,0.139305143730943
73.46,0.136153032065418
73.47,0.129527893119538
73.48,0.118999968692637
73.49,0.104447028717901
73.5,0.0862250338758325
73.51,0.0652452480230545
73.52,0.0429153134275463
73.53,0.0209516069700814
73.54,0.00112458425543609
73.55,-0.0149723320844845
73.56,-0.0260752967098275
73.57,-0.0313396195357332
73.58,-0.030410653677516
73.59,-0.0234811763105506
73.6,-0.0113032905051096
73.61,0.00485743007221856
73.62,0.0233143432563713
73.63,0.0420981873955128
73.64,0.0591401432302019
73.65,0.0724733557091177
73.66,0.0804187003364613
73.67,0.0817395556680746
73.68,0.07576900744652
73.69,0.0625041209997928
73.7,0.0426338203151933
73.71,0.0174665886641219
73.72,-0.0112252230733497
73.73,-0.0413802279442602
73.74,-0.0707954473502226
73.75,-0.0972502994945523
73.76,-0.118628328157289
73.77,-0.133051062177638
73.78,-0.139034134321606
73.79,-0.135653503468678
73.8,-0.122671485240866
73.81,-0.100572829873061
73.82,-0.0705123248790616
73.83,-0.0342120686741976
73.84,0.00616809232356555
73.85,0.0481907844162571
73.86,0.0893353219910897
73.87,0.127202868592485
73.88,0.159690303208997
73.89,0.185107282854573
73.9,0.202248337875142
73.91,0.21044351974806
73.92,0.209585147307587
73.93,0.200111618017866
73.94,0.182950915014121
73.95,0.159446256317164
73.96,0.131272492619386
73.97,0.100333871805446
73.98,0.0686373289332705
73.99,0.0381438822266074
74,0.0106067422776557
74.01,-0.0125814644565282
74.02,-0.0305021725762421
74.03,-0.0427647459862531
74.04,-0.0494960144431156
74.05,-0.0512797182475854
74.06,-0.0490761404191925
74.07,-0.044142933678083
74.08,-0.037945454554059
74.09,-0.0320276748059526
74.1,-0.0278442644150692
74.11,-0.0265975746121757
74.12,-0.029125855239875
74.13,-0.0358631884976857
74.14,-0.046867578545208
74.15,-0.0618831211924264
74.16,-0.0803807385188012
74.17,-0.101554823899089
74.18,-0.124320840571777
74.19,-0.14737772349856
74.2,-0.169339640466196
74.21,-0.188878210007861
74.22,-0.204822978188375
74.23,-0.2162145320183
74.24,-0.222328184277202
74.25,-0.222694364265515
74.26,-0.217141765728229
74.27,-0.205856384025336
74.28,-0.189414722018357
74.29,-0.168755402603959
74.3,-0.145082643251499
74.31,-0.119726251194564
74.32,-0.0940057363918358
74.33,-0.0691359272184765
74.34,-0.0461687308820162
74.35,-0.0259330653963971
74.36,-0.00895423316928225
74.37,0.00460732969609616
74.38,0.0149326883501549
74.39,0.022421369016713
74.4,0.0275223139208554
74.41,0.0305844326729818
74.42,0.0317545677850257
74.43,0.0309226582555584
74.44,0.0277182021791984
74.45,0.0215700451684465
74.46,0.0118313813050427
74.47,-0.0020487172185527
74.48,-0.0203464549108516
74.49,-0.0429203012712613
74.5,-0.0691258270391499
74.51,-0.0977982866666209
74.52,-0.127324860928916
74.53,-0.155817571164839
74.54,-0.181346476343758
74.55,-0.202156045872208
74.56,-0.216814870524968
74.57,-0.224312385869537
74.58,-0.224137996349373
74.59,-0.216336778448093
74.6,-0.201501193390712
74.61,-0.180686512330466
74.62,-0.155291577386504
74.63,-0.126958764201841
74.64,-0.0975120180464174
74.65,-0.0689019837635609
74.66,-0.0430966462102961
74.67,-0.0218860216917844
74.68,-0.00664921409585428
74.69,0.00182601088399566
74.7,0.00341877385517232
74.71,-0.00135411768763989
74.72,-0.0114526569232085
74.73,-0.0254787639252842
74.74,-0.0418401525603758
74.75,-0.0588720186562829
74.76,-0.0749118620574936
74.77,-0.0883593720821148
74.78,-0.0977645680542637
74.79,-0.101952632618541
74.8,-0.100139382732145
74.81,-0.0919808920108768
74.82,-0.0775513189238285
74.83,-0.0572946260482472
74.84,-0.0319857683242358
74.85,-0.0026844255760831
74.86,0.0293521229773653
74.87,0.0627943173529294
74.88,0.0963701280735238
74.89,0.128961039982403
74.9,0.159635070730914
74.91,0.187617297699611
74.92,0.212231259891144
74.93,0.232850210466703
74.94,0.248888528982105
74.95,0.259848690890502
74.96,0.265404358911511
74.97,0.265475252329727
74.98,0.260264826344378
74.99,0.250254057552525
75,0.236144928038071
75.01,0.218751382787487
75.02,0.198870564653994
75.03,0.177204816353816
75.04,0.154385659569559
75.05,0.131075752747164
75.06,0.108065718355081
75.07,0.0862844056652627
75.08,0.066691943667748
75.09,0.0500990447220245
75.1,0.0370105531857149
75.11,0.0275705462830446
75.12,0.0216007835295481
75.13,0.0186728196828261
75.14,0.0181836828722621
75.15,0.0194381385309098
75.16,0.0217259541126842
75.17,0.0243737913440587
75.18,0.0267751283494299
75.19,0.0284091344745564
75.2,0.0288393819136036
75.21,0.0276846226327561
75.22,0.0245914025973101
75.23,0.0192600222428333
75.24,0.0115288158273343
75.25,0.0014493131642412
75.26,-0.0107134882409013
75.27,-0.0245533847627813
75.28,-0.0396287218616708
75.29,-0.0555727462142655
75.3,-0.0721781353690578
75.31,-0.0894153069373679
75.32,-0.107377561014831
75.33,-0.126199096287841
75.34,-0.145987414300313
75.35,-0.166762672189051
75.36,-0.188386177668715
75.37,-0.210497623168342
75.38,-0.232499683105423
75.39,-0.253601331321856
75.4,-0.272899314439507
75.41,-0.289477740000836
75.42,-0.302517775445257
75.43,-0.311399301686219
75.44,-0.315767406510561
75.45,-0.31556410482175
75.46,-0.311048753077546
75.47,-0.302807316186932
75.48,-0.291726910874322
75.49,-0.278924714617224
75.5,-0.26563852225315
75.51,-0.25308940688481
75.52,-0.242329559093321
75.53,-0.234097528309048
75.54,-0.228707131671668
75.55,-0.225990332292725
75.56,-0.225306952592269
75.57,-0.225625546954974
75.58,-0.225661751531623
75.59,-0.224041615364303
75.6,-0.219459234361112
75.61,-0.210815851053575
75.62,-0.197338204716698
75.63,-0.178668577105969
75.64,-0.154906145913073
75.65,-0.126585787136626
75.66,-0.0946150127974934
75.67,-0.0602079017327139
75.68,-0.0248251232486946
75.69,0.00991049184518393
75.7,0.0423498417745897
75.71,0.0709893545561629
75.72,0.094625194450832
75.73,0.112432338899189
75.74,0.123953714288161
75.75,0.129046378438719
75.76,0.1278459140507
75.77,0.120772376988698
75.78,0.108562217348411
75.79,0.0922912499275545
75.8,0.0733590420840966
75.81,0.0534261804512741
75.82,0.0343123478918545
75.83,0.0178724861721724
75.84,0.00585758552908374
75.85,-0.000254127990559976
75.86,0.000555764874292577
75.87,0.00870611102505218
75.88,0.0239831405721016
75.89,0.0456075561864876
75.9,0.0723507335829851
75.91,0.102652730419082
75.92,0.134715515397047
75.93,0.166572817881257
75.94,0.196170006661774
75.95,0.22148858682448
75.96,0.240701576388365
75.97,0.252297716080872
75.98,0.255134043001098
75.99,0.248451117045791
76,0.231916883679825
76.01,0.20571643693698
76.02,0.170640621193905
76.03,0.128113324047323
76.04,0.0801358529895574
76.05,0.0291646182924301
76.06,-0.0220577244639623
76.07,-0.0706985036761713
76.08,-0.114037765338289
76.09,-0.149674039185168
76.1,-0.17572640808361
76.11,-0.190987283596942
76.12,-0.194978770739705
76.13,-0.187916972447445
76.14,-0.170624726639735
76.15,-0.144428247150377
76.16,-0.111056296037655
76.17,-0.0725454926671814
76.18,-0.0311402794772345
76.19,0.0108291168276337
76.2,0.0510962007296719
76.21,0.0876157027235584
76.22,0.118690075228774
76.23,0.143044420580165
76.24,0.159863595793145
76.25,0.168798750799508
76.26,0.169923310075049
76.27,0.163631768392565
76.28,0.150521364571049
76.29,0.131323865618989
76.3,0.106929925999844
76.31,0.0784796127510346
76.32,0.0474352742102047
76.33,0.0155650210779372
76.34,-0.0151694352182243
76.35,-0.0427814327070324
76.36,-0.0654428510914627
76.37,-0.081641672498165
76.38,-0.0902769459660819
76.39,-0.0906887767469299
76.4,-0.0826604541209659
76.41,-0.0664310625857709
76.42,-0.0427225977357293
76.43,-0.0127575949784692
76.44,0.0217633030053017
76.45,0.0587496189381803
76.46,0.0958707106421939
76.47,0.130727854227368
76.48,0.161020740361762
76.49,0.184709170708714
76.5,0.200174429533714
76.51,0.206378633901526
76.52,0.203002235620644
76.53,0.190507791556813
76.54,0.170085303827632
76.55,0.14348746916115
76.56,0.112792769608634
76.57,0.0801313874078176
76.58,0.0474233365626751
76.59,0.0161920928347272
76.6,-0.0125143864521058
76.61,-0.0381120195762119
76.62,-0.0604165758017649
76.63,-0.0795568298890237
76.64,-0.0958759007918892
76.65,-0.109827650987958
76.66,-0.121883117543762
76.67,-0.132466039759083
76.68,-0.141929382948609
76.69,-0.150557798794258
76.7,-0.158557739314366
76.71,-0.166015642491407
76.72,-0.172843886869335
76.73,-0.178753412910326
76.74,-0.183287517859892
76.75,-0.185918115117602
76.76,-0.186158654668356
76.77,-0.183650277605643
76.78,-0.178221147739342
76.79,-0.169922532462899
76.8,-0.159028601265198
76.81,-0.146009764535775
76.82,-0.131500919525879
76.83,-0.116254543173904
76.84,-0.101064543580414
76.85,-0.0866793331966463
76.86,-0.0737246379471633
76.87,-0.0626294111790233
76.88,-0.0535486398670358
76.89,-0.0463118633094132
76.9,-0.0404456808626752
76.91,-0.0352906055482144
76.92,-0.0301832507792528
76.93,-0.0246435192319208
76.94,-0.018503666882623
76.95,-0.0119393955942267
76.96,-0.00541125317849492
76.97,0.000435399276287314
76.98,0.00487344562528765
76.99,0.00719593406281543
77,0.00682245147894499
77.01,0.00340484190817023
77.02,-0.00307904924286785
77.03,-0.0122509252643335
77.04,-0.0232897479487333
77.05,-0.0349590387675901
77.06,-0.0457448377491905
77.07,-0.0541004656610815
77.08,-0.058731515237204
77.09,-0.0588239133644171
77.1,-0.0541491598238403
77.11,-0.0450469258282437
77.12,-0.0323303672921457
77.13,-0.0171614871621016
77.14,-0.000912650647819879
77.15,0.0149908633093245
77.16,0.0292279227308505
77.17,0.0406952153861424
77.18,0.0485645286613558
77.19,0.0523120175122856
77.2,0.0517439704211726
77.21,0.0470083263619723
77.22,0.0385578249767433
77.23,0.0270535788961051
77.24,0.0132514627419444
77.25,-0.00207684503015856
77.26,-0.0181845507510349
77.27,-0.0343826904220572
77.28,-0.0500848659161285
77.29,-0.0648492350270539
77.3,-0.0783725747677311
77.31,-0.0904050373107305
77.32,-0.100624693866462
77.33,-0.108562293542517
77.34,-0.113625650467918
77.35,-0.11518996046257
77.36,-0.112690291503183
77.37,-0.10568649567573
77.38,-0.0939177107959959
77.39,-0.0773748458346469
77.4,-0.0563874376800673
77.41,-0.0316881279024788
77.42,-0.00441706993922625
77.43,0.0239469230453169
77.44,0.0517060661553876
77.45,0.0770691877841883
77.46,0.0982627507948784
77.47,0.113653350781961
77.48,0.121907586263466
77.49,0.122175191298611
77.5,0.114257319903335
77.51,0.098713844276767
77.52,0.0768580265308617
77.53,0.050607578690402
77.54,0.0222199865984637
77.55,-0.00600423505610895
77.56,-0.0319716852315548
77.57,-0.0539712999390009
77.58,-0.0707760610587605
77.59,-0.0816706687447414
77.6,-0.0864026334703232
77.61,-0.0850750428346822
77.62,-0.0780351523960393
77.63,-0.065810121045945
77.64,-0.0490853019010996
77.65,-0.0286878583491756
77.66,-0.00556471222403334
77.67,0.019237843792585
77.68,0.0446051673325428
77.69,0.0694140424437985
77.7,0.0926218127575967
77.71,0.113374818477055
77.72,0.13111103731878
77.73,0.145613973249054
77.74,0.156989761847358
77.75,0.165583586431131
77.76,0.171881450202981
77.77,0.1764290195437
77.78,0.179768486723471
77.79,0.182396340926153
77.8,0.184749861411751
77.81,0.187196974002914
77.82,0.189990205996353
77.83,0.193191872282846
77.84,0.19662656656009
77.85,0.199913834982265
77.86,0.202579775375192
77.87,0.204185983766949
77.88,0.204410593319235
77.89,0.203065248590117
77.9,0.200067377116016
77.91,0.195395494436647
77.92,0.189062488545937
77.93,0.181132019652463
77.94,0.171764085982858
77.95,0.161246652934205
77.96,0.149983643445803
77.97,0.138445752098013
77.98,0.127116005406599
77.99,0.116461127118921
78,0.106924852259873
78.01,0.0988999976463352
78.02,0.0926494415086307
78.03,0.0882035730482082
78.04,0.0852940831575643
78.05,0.0833631204619038
78.06,0.0816456070957466
78.07,0.079291644669907
78.08,0.0754859047242184
78.09,0.0695393319552992
78.1,0.0609521683352386
78.11,0.0494456743746467
78.12,0.0349605409138751
78.13,0.0176463029059665
78.14,-0.00212587348116916
78.15,-0.0237293369966841
78.16,-0.0462574614810132
78.17,-0.0685301926520766
78.18,-0.0891421718939679
78.19,-0.106565412138129
78.2,-0.11931245437628
78.21,-0.126141688756173
78.22,-0.126261352957718
78.23,-0.119483385163648
78.24,-0.106288031739907
78.25,-0.0877777076958725
78.26,-0.0655416188549451
78.27,-0.0414895376055077
78.28,-0.0176908614808258
78.29,0.00378902103521353
78.3,0.0210728994082256
78.31,0.0326801641534785
78.32,0.0377338973716038
78.33,0.0360969835947698
78.34,0.028362555186588
78.35,0.0156955358089763
78.36,-0.000397988581008928
78.37,-0.0182911476783109
78.38,-0.0364131173611899
78.39,-0.0533820591611254
78.4,-0.0680936071126736
78.41,-0.0797606931718843
78.42,-0.0879081782541458
78.43,-0.0923409068751529
78.44,-0.0931127954086115
78.45,-0.0905086340281978
78.46,-0.0850189571578361
78.47,-0.0772758304744435
78.48,-0.067943130033786
78.49,-0.0576022429264887
78.5,-0.0466905306877717
78.51,-0.035508896133809
78.52,-0.0242695805763526
78.53,-0.0131514151204661
78.54,-0.00233940250931361
78.55,0.00796960833008896
78.56,0.0175999910142865
78.57,0.0264574579008581
78.58,0.0345899362482985
78.59,0.0422145834257833
78.6,0.0496947969068365
78.61,0.057483428244606
78.62,0.0660495725042642
78.63,0.0757884106740466
78.64,0.0869301425195748
78.65,0.0994920161468483
78.66,0.113293702095683
78.67,0.128008620292157
78.68,0.143218697664853
78.69,0.158466291784549
78.7,0.173306488025109
78.71,0.187351232899968
78.72,0.200294851764972
78.73,0.211925279657724
78.74,0.222130567170288
78.75,0.230901383431754
78.76,0.238319991531438
78.77,0.244520139229336
78.78,0.249618080080483
78.79,0.253640886326525
78.8,0.256474756771688
78.81,0.257842522611089
78.82,0.257322775556779
78.83,0.254410766375831
78.84,0.248595665754638
78.85,0.239433333690159
78.86,0.22661367083626
78.87,0.21002098704291
78.88,0.189782952630278
78.89,0.166312249211621
78.9,0.140337317525714
78.91,0.112897480954649
78.92,0.0852716856927047
78.93,0.0588228718715969
78.94,0.034779272651109
78.95,0.0140306783051092
78.96,-0.00297126085637518
78.97,-0.0161808123876062
78.98,-0.0258400116119424
78.99,-0.0323550543555492
79,-0.0362337979946234
79.01,-0.0380902176265877
79.02,-0.0386593905705573
79.03,-0.0387675935849706
79.04,-0.0392494046526722
79.05,-0.0408358682122998
79.06,-0.0440489199436375
79.07,-0.0491387980184647
79.08,-0.0560793456423383
79.09,-0.0646028662184958
79.1,-0.0742437627382027
79.11,-0.0843733635443209
79.12,-0.0942346341253602
79.13,-0.10300619084036
79.14,-0.109915580687973
79.15,-0.114382315426439
79.16,-0.116134618272956
79.17,-0.115241563177443
79.18,-0.11204602201796
79.19,-0.107049516836487
79.2,-0.100820017545452
79.21,-0.0939438666049978
79.22,-0.086995938820887
79.23,-0.0805087265185324
79.24,-0.0749413673076717
79.25,-0.0706464385055511
79.26,-0.0678283757817652
79.27,-0.0665095158310889
79.28,-0.0665386416979813
79.29,-0.0676552808484169
79.3,-0.069590641937919
79.31,-0.0721784276749085
79.32,-0.075448652336064
79.33,-0.079675449235503
79.34,-0.085361143829819
79.35,-0.0931651231526289
79.36,-0.103807328878916
79.37,-0.117967777674658
79.38,-0.136177811916181
79.39,-0.158695828203597
79.4,-0.185378741213179
79.41,-0.215579776182782
79.42,-0.248122884138215
79.43,-0.281398315782932
79.44,-0.313573031780895
79.45,-0.342860165496899
79.46,-0.367774244241298
79.47,-0.387302157707982
79.48,-0.400961835946369
79.49,-0.408782778595472
79.5,-0.411248908470185
79.51,-0.409198039845611
79.52,-0.403653121333725
79.53,-0.395602497329015
79.54,-0.385800992940556
79.55,-0.374658243268642
79.56,-0.362224946059025
79.57,-0.348254038623321
79.58,-0.332314277538266
79.59,-0.313935185368857
79.6,-0.292758924993644
79.61,-0.268668804739769
79.62,-0.241862078612547
79.63,-0.212851768619382
79.64,-0.182407438844643
79.65,-0.15145504721187
79.66,-0.120956784907141
79.67,-0.0917973192287002
79.68,-0.0646973770396917
79.69,-0.0401500885476011
79.7,-0.0183738806234781
79.71,0.000690386706764441
79.72,0.0173136298456022
79.73,0.0318731910060171
79.74,0.0447566585314189
79.75,0.0562962122977947
79.76,0.0667411566213649
79.77,0.076280094534531
79.78,0.0851107853950926
79.79,0.093517183004008
79.8,0.101884811204355
79.81,0.11061864362943
79.82,0.120003922421445
79.83,0.130094391285381
79.84,0.140693310684549
79.85,0.151434239264906
79.86,0.161906758741307
79.87,0.171741546541811
79.88,0.180595676593056
79.89,0.188059462967371
79.9,0.193580962808833
79.91,0.19649556456858
79.92,0.196159377768303
79.93,0.192106181475257
79.94,0.18414233641628
79.95,0.172349029201495
79.96,0.15702449498435
79.97,0.138617787636256
79.98,0.117674805624382
79.99,0.0947871731539504
80,0.0705432793922596
80.01,0.045505192517055
80.02,0.0202195136376211
80.03,-0.00477908749590679
80.04,-0.0290117193462995
80.05,-0.0521160958832136
80.06,-0.0738467566140419
80.07,-0.0939742266423264
80.08,-0.112118277549652
80.09,-0.127593003965845
80.1,-0.139337093884036
80.11,-0.1459798298289
80.12,-0.14605836204528
80.13,-0.138337192010855
80.14,-0.122122754330946
80.15,-0.0974825360437942
80.16,-0.0653389144448909
80.17,-0.0274339417901692
80.18,0.013833811892378
80.19,0.0556734413714688
80.2,0.0952143882898547
80.21,0.129819055337626
80.22,0.157365447738807
80.23,0.176473520977234
80.24,0.186642003277043
80.25,0.188269752984506
80.26,0.18255176327927
80.27,0.171256971775121
80.28,0.156435034351067
80.29,0.140139707532358
80.3,0.124230459132342
80.31,0.110247091436737
80.32,0.0993328451046487
80.33,0.0921960609602845
80.34,0.0890948457240255
80.35,0.0898361587422872
80.36,0.0938160151131459
80.37,0.100126312693681
80.38,0.107705679072254
80.39,0.115484584036543
80.4,0.122496829423472
80.41,0.127958844145614
80.42,0.131317691770248
80.43,0.132259214984044
80.44,0.130676352928794
80.45,0.126612337019197
80.46,0.12020701370985
80.47,0.111674228552667
80.48,0.101303539796333
80.49,0.0894577136518813
80.5,0.0765717487311594
80.51,0.0631795397946343
80.52,0.0499446857521872
80.53,0.0376275516941921
80.54,0.0269608224574331
80.55,0.0184823543874189
80.56,0.0123959184219438
80.57,0.0085005061740729
80.58,0.00620165040726311
80.59,0.00460598790390581
80.6,0.00268584816765243
80.61,-0.000529762571869285
80.62,-0.00580141341318804
80.63,-0.0135907100525437
80.64,-0.0240145650948449
80.65,-0.0368317710336109
80.66,-0.0514858703042346
80.67,-0.067203929780157
80.68,-0.0831005893497195
80.69,-0.098239488481165
80.7,-0.111657057416884
80.71,-0.122391140197023
80.72,-0.129541079014063
80.73,-0.132354877083879
80.74,-0.130334824119438
80.75,-0.123345274122361
80.76,-0.111681775630469
80.77,-0.0960738516237572
80.78,-0.0776403274828127
80.79,-0.0578217007432881
80.8,-0.0382803699377111
80.81,-0.0207497519234919
80.82,-0.00683248284037699
80.83,0.0022225036594878
80.84,0.00570066612989994
80.85,0.00350444153080807
80.86,-0.00385874899285927
80.87,-0.015347407324527
80.88,-0.0295053585686199
80.89,-0.0446385876227275
80.9,-0.0590416663933643
80.91,-0.0712348467155288
80.92,-0.080143897625601
80.93,-0.0851549297547861
80.94,-0.0860340035836436
80.95,-0.0827827962591477
80.96,-0.075531421191861
80.97,-0.0645218023463872
80.98,-0.0501577031534576
80.99,-0.0330567287479538
81,-0.014061232142659
81.01,0.00579136467814527
81.02,0.0253305008296702
81.03,0.0433575036545927
81.04,0.0587975437481943
81.05,0.0708690591258255
81.06,0.0792233442263804
81.07,0.0840045954790079
81.08,0.0857876412813107
81.09,0.0854008884289242
81.1,0.083708662591148
81.11,0.081425314964221
81.12,0.0789862767876544
81.13,0.0764906800795278
81.14,0.0737312086565366
81.15,0.0702920343626827
81.16,0.0656675877232926
81.17,0.059370273728453
81.18,0.0510243337312205
81.19,0.0404539035622023
81.2,0.0277566970196793
81.21,0.0133277668981615
81.22,-0.00219700369634986
81.23,-0.018068960481481
81.24,-0.0335887555929825
81.25,-0.048257864984413
81.26,-0.0618735970921116
81.27,-0.0745350301007673
81.28,-0.0865665672572274
81.29,-0.0984050930778837
81.3,-0.110505003362994
81.31,-0.123291112234173
81.32,-0.137145803042025
81.33,-0.15238301730751
81.34,-0.169181226997499
81.35,-0.187505640085573
81.36,-0.207064076296932
81.37,-0.227296978060542
81.38,-0.247378427642563
81.39,-0.26622807768647
81.4,-0.282556612680334
81.41,-0.294966168671199
81.42,-0.302113781784478
81.43,-0.302925821367433
81.44,-0.296817230343218
81.45,-0.283838172015879
81.46,-0.264693499602865
81.47,-0.240654165298311
81.48,-0.21341438849683
81.49,-0.184913506285392
81.5,-0.157115842026693
81.51,-0.131764970686954
81.52,-0.11015846978436
81.53,-0.0929919233311034
81.54,-0.0803010050892606
81.55,-0.0715045980909046
81.56,-0.0655261621715392
81.57,-0.0609532101167695
81.58,-0.0562051543092767
81.59,-0.0497108820595468
81.6,-0.0401042848650244
81.61,-0.0264094712917647
81.62,-0.00816208301919263
81.63,0.0145543864011678
81.64,0.0411306194748245
81.65,0.0704769185562228
81.66,0.101084229342065
81.67,0.13112023591587
81.68,0.15857417326752
81.69,0.18143360771171
81.7,0.197863252674921
81.71,0.206368616922654
81.72,0.205940002913234
81.73,0.196164983866779
81.74,0.177282622934227
81.75,0.150166757632819
81.76,0.116263846894356
81.77,0.0775163196218674
81.78,0.0362632813824123
81.79,-0.00491098701058655
81.8,-0.0433860084853031
81.81,-0.0767502895938318
81.82,-0.103056820926918
81.83,-0.121057339963757
81.84,-0.130373138997883
81.85,-0.131565037146317
81.86,-0.126081902444904
81.87,-0.116084985418733
81.88,-0.104165127388253
81.89,-0.0929854799483544
81.9,-0.084896418752402
81.91,-0.0815920740080276
81.92,-0.0838892110298185
81.93,-0.0916752858396372
81.94,-0.104011789712939
81.95,-0.119349131748232
81.96,-0.135807640921638
81.97,-0.151467114541613
81.98,-0.164609896139249
81.99,-0.173896051271523
82,-0.178462949689562
82.01,-0.177934188911369
82.02,-0.172349151490797
82.03,-0.162065593271984
82.04,-0.147676848457576
82.05,-0.129938141377936
82.06,-0.109683029629932
82.07,-0.0877378330916648
82.08,-0.0648581296977278
82.09,-0.0417009820494422
82.1,-0.0188378274519165
82.11,0.00319786707221949
82.12,0.023870234314638
82.13,0.0426670094814767
82.14,0.0591928263580569
82.15,0.0732591255078293
82.16,0.0849128438736444
82.17,0.0944079699515897
82.18,0.102146912386218
82.19,0.10860266250069
82.2,0.114216519714048
82.21,0.11927628119024
82.22,0.123813090839084
82.23,0.12755912231615
82.24,0.129970748834337
82.25,0.130304050712288
82.26,0.127744349473686
82.27,0.121576946868974
82.28,0.111340168610156
82.29,0.0969085833435679
82.3,0.0785177263866886
82.31,0.0567613181864395
82.32,0.0325582451597951
82.33,0.00707804621395634
82.34,-0.0183723219723697
82.35,-0.0424989881979908
82.36,-0.0642006672818686
82.37,-0.0827410362398048
82.38,-0.0978646709760638
82.39,-0.109825948480865
82.4,-0.119324778084366
82.41,-0.127357359712554
82.42,-0.135012899979301
82.43,-0.143274897265624
82.44,-0.152878737828921
82.45,-0.164229167553763
82.46,-0.177343204164571
82.47,-0.191800146153577
82.48,-0.206726299187864
82.49,-0.220863398895842
82.5,-0.232741700765383
82.51,-0.240918654443499
82.52,-0.244212517654005
82.53,-0.241888282702987
82.54,-0.233784540277158
82.55,-0.220364803561369
82.56,-0.202672977546154
82.57,-0.182196084643052
82.58,-0.160659309954541
82.59,-0.139783686489832
82.6,-0.121052537736268
82.61,-0.10554867434421
82.62,-0.0938963155381747
82.63,-0.0862905175808509
82.64,-0.0825693520917765
82.65,-0.0822839146302567
82.66,-0.0847436312273285
82.67,-0.0890466751443591
82.68,-0.0941214775322267
82.69,-0.0988001282771132
82.7,-0.10192371305638
82.71,-0.102453165118327
82.72,-0.0995582782015701
82.73,-0.0926886995529795
82.74,-0.0816394277286373
82.75,-0.0665910889661454
82.76,-0.0481018865898238
82.77,-0.0270711467531933
82.78,-0.00470074187660692
82.79,0.0175730013629502
82.8,0.0382312184867032
82.81,0.055905857747343
82.82,0.0696140645374053
82.83,0.0789073769104655
82.84,0.0839020940470613
82.85,0.0851900471708666
82.86,0.0836432048801005
82.87,0.0801634531704433
82.88,0.0754625728785523
82.89,0.0699381573066394
82.9,0.0636583226873255
82.91,0.0564321311781363
82.92,0.0479320583585814
82.93,0.0378306705654398
82.94,0.0259201233277823
82.95,0.012209316159334
82.96,-0.00299060214117393
82.97,-0.019005532083724
82.98,-0.0348037855828221
82.99,-0.0490934934595005
83,-0.0604956686011202
83.01,-0.0677532074775844
83.02,-0.0699414029227187
83.03,-0.066644054820564
83.04,-0.0580436392031803
83.05,-0.0448988037008195
83.06,-0.028444910753545
83.07,-0.0102712727633392
83.08,0.00780655781339984
83.09,0.0238869093937869
83.1,0.0361420084237406
83.11,0.0429979422784508
83.12,0.0433278281719797
83.13,0.0366420671738396
83.14,0.0232375683940135
83.15,0.00424602119036965
83.16,-0.0184671819736779
83.17,-0.0425479293007888
83.18,-0.0654735443587364
83.19,-0.0848670955440615
83.2,-0.0987718457871515
83.21,-0.105878971344115
83.22,-0.105673620652274
83.23,-0.0984435900836624
83.24,-0.0851286188965327
83.25,-0.0670564967240063
83.26,-0.0456597604133368
83.27,-0.0222536709438812
83.28,0.00209725340289287
83.29,0.0266360934563883
83.3,0.0509050178394263
83.31,0.0746644020440108
83.32,0.0977417455057325
83.33,0.119861370787958
83.34,0.140541078103092
83.35,0.15910400636431
83.36,0.174769573538557
83.37,0.186749187428522
83.38,0.194313624242842
83.39,0.19685534763181
83.4,0.193978689731216
83.41,0.185618263136703
83.42,0.172147929193505
83.43,0.154422531981996
83.44,0.133706164755024
83.45,0.111498418826737
83.46,0.0893352961767464
83.47,0.0686328542244982
83.48,0.0505726227650733
83.49,0.036002414924961
83.5,0.025362699301682
83.51,0.0186695015921159
83.52,0.0155651748180332
83.53,0.0154216787260309
83.54,0.0174591181938069
83.55,0.02083953150448
83.56,0.0247252218377781
83.57,0.0283174685576109
83.58,0.0308853636527471
83.59,0.0317729711932828
83.6,0.0303696550939653
83.61,0.0260566583657998
83.62,0.0181709793523642
83.63,0.00602555147521161
83.64,-0.010992173168141
83.65,-0.0332462920982025
83.66,-0.060650542597311
83.67,-0.0925220850249493
83.68,-0.12755669741882
83.69,-0.163928983249514
83.7,-0.199481709640519
83.71,-0.231972586187425
83.72,-0.259343751285541
83.73,-0.279955664565301
83.74,-0.292726272012041
83.75,-0.297156826905963
83.76,-0.293282006067119
83.77,-0.281605322792056
83.78,-0.263047198433951
83.79,-0.238882560505609
83.8,-0.210638494615668
83.81,-0.179966362321348
83.82,-0.14853014434349
83.83,-0.117914584991374
83.84,-0.0895120460110354
83.85,-0.0643744530424924
83.86,-0.0430784660227419
83.87,-0.025663333715855
83.88,-0.0116680806476158
83.89,-0.000261488770945714
83.9,0.00957708172466825
83.91,0.0188909204636315
83.92,0.0286325461531168
83.93,0.0395949641609265
83.94,0.0523643295509995
83.95,0.0672902822015759
83.96,0.0844769600110795
83.97,0.103772392847038
83.98,0.124727040512572
83.99,0.146536111452247
84,0.168022869323846
84.01,0.187712665729776
84.02,0.204000867146105
84.03,0.215374240927229
84.04,0.220633724538765
84.05,0.219064834797046
84.06,0.210503637990002
84.07,0.195294662358433
84.08,0.174206296029686
84.09,0.148367472387675
84.1,0.119223126964671
84.11,0.0884708645529029
84.12,0.0579620577720236
84.13,0.0295695067322173
84.14,0.00501945863173113
84.15,-0.0143061099220746
84.16,-0.0275549170305405
84.17,-0.034511230515646
84.18,-0.0355885970853558
84.19,-0.0317359534018331
84.2,-0.0243125296012532
84.21,-0.0149621071048656
84.22,-0.00548979422125583
84.23,0.00225759030939293
84.24,0.00651028916930635
84.25,0.00571253499732269
84.26,-0.00131041716249228
84.27,-0.0151891119778895
84.28,-0.0359148061306705
84.29,-0.0628421421983552
84.3,-0.0947667892262841
84.31,-0.130044330654279
84.32,-0.166721735525866
84.33,-0.202655974322915
84.34,-0.235628607232452
84.35,-0.263499224122628
84.36,-0.284405344864663
84.37,-0.29694998802076
84.38,-0.300314249998098
84.39,-0.294284426806047
84.4,-0.279219153839026
84.41,-0.255985418528396
84.42,-0.225883723973236
84.43,-0.190562540145875
84.44,-0.151903499891891
84.45,-0.111870751120131
84.46,-0.0723518876624399
84.47,-0.0350315208313287
84.48,-0.0013076109537758
84.49,0.027780407778372
84.5,0.0516361818200073
84.51,0.0701845357494278
84.52,0.0839007568850523
84.53,0.0937624161038493
84.54,0.101122033848055
84.55,0.107513871878908
84.56,0.114416278794156
84.57,0.123017272794229
84.58,0.134051564408313
84.59,0.14774467823954
84.6,0.163843342605004
84.61,0.181697811337889
84.62,0.200384693041526
84.63,0.218862426626193
84.64,0.236126320493207
84.65,0.251315479175255
84.66,0.263745766319435
84.67,0.272885783969371
84.68,0.27832552527277
84.69,0.279792841183672
84.7,0.277242610974311
84.71,0.27098336214693
84.72,0.261756184562174
84.73,0.250687334442625
84.74,0.23910250256678
84.75,0.2282645990162
84.76,0.219123175204113
84.77,0.212147733960775
84.78,0.207285389657668
84.79,0.204036272515653
84.8,0.201592622961361
84.81,0.198976196528615
84.82,0.195146654273928
84.83,0.189104674646186
84.84,0.180013634195817
84.85,0.167311955140102
84.86,0.150762389778162
84.87,0.130421709858199
84.88,0.106568842776197
84.89,0.0796473928727006
84.9,0.0502440592564692
84.91,0.0190726051491846
84.92,-0.0130705179868386
84.93,-0.045359406901415
84.94,-0.0769514083259136
84.95,-0.106954148381924
84.96,-0.134403378871903
84.97,-0.158312558369564
84.98,-0.17780102936335
84.99,-0.192250873504691
85,-0.201428465852915
85.01,-0.20553310885169
85.02,-0.205174739464566
85.03,-0.201305215953711
85.04,-0.195121039025773
85.05,-0.187942835185558
85.06,-0.18107639772066
85.07,-0.175670727970848
85.08,-0.172604742755793
85.09,-0.172428862622049
85.1,-0.175351414567051
85.11,-0.181233601933528
85.12,-0.189569177722706
85.13,-0.199461858885221
85.14,-0.209645655775284
85.15,-0.218594319511709
85.16,-0.22473417102929
85.17,-0.226726035048676
85.18,-0.223731662851395
85.19,-0.215566397888572
85.2,-0.202694893452081
85.21,-0.186103206666767
85.22,-0.16711616220572
85.23,-0.147221926546472
85.24,-0.127926233348972
85.25,-0.110614387973351
85.26,-0.0964104616741285
85.27,-0.086069131128601
85.28,-0.0799284234253783
85.29,-0.0779058184029205
85.3,-0.0795159553260671
85.31,-0.0839145723084478
85.32,-0.0899771980135473
85.33,-0.0964148712824418
85.34,-0.101933633815954
85.35,-0.105428439705774
85.36,-0.106159990008564
85.37,-0.103849281818886
85.38,-0.0986652188779478
85.39,-0.0911372290269269
85.4,-0.0820427665700348
85.41,-0.0722845143515535
85.42,-0.0627416702476782
85.43,-0.0541100827905684
85.44,-0.0467886027211252
85.45,-0.0408492662681948
85.46,-0.0360766207088165
85.47,-0.0320386322249694
85.48,-0.0281613988613422
85.49,-0.0238042105773188
85.5,-0.018347275473649
85.51,-0.0112918488910955
85.52,-0.00234509078674578
85.53,0.00854248940038763
85.54,0.0211849592228484
85.55,0.0351841296162657
85.56,0.0499536771739523
85.57,0.0647529906151877
85.58,0.0787387039866025
85.59,0.0910350958857588
85.6,0.100822516088694
85.61,0.10744162206304
85.62,0.110495683946273
85.63,0.109900114335675
85.64,0.10583293928791
85.65,0.0986090115035785
85.66,0.0885535318978747
85.67,0.075927897563282
85.68,0.0609125999086782
85.69,0.0436357612833009
85.7,0.0242368113287532
85.71,0.002935803840666
85.72,-0.0199356562629347
85.73,-0.0439540107968368
85.74,-0.0686378552968279
85.75,-0.0934507308599996
85.76,-0.11776192206695
85.77,-0.14080205455767
85.78,-0.16165932838458
85.79,-0.179320262904125
85.8,-0.192729403850522
85.81,-0.20087080178305
85.82,-0.202905757115872
85.83,-0.198370950230791
85.84,-0.187381267768367
85.85,-0.170763927524129
85.86,-0.150075686240914
85.87,-0.127484522793174
85.88,-0.105526584954249
85.89,-0.0867856385077874
85.9,-0.0735714328563493
85.91,-0.0676709387942672
85.92,-0.0701978779617453
85.93,-0.081505088618487
85.94,-0.101123779090311
85.95,-0.127751390972405
85.96,-0.159334754147667
85.97,-0.193257690501255
85.98,-0.226596962054054
85.99,-0.256388784682848
86,-0.279855408506023
86.01,-0.294578149467302
86.02,-0.298639881601085
86.03,-0.290763515343509
86.04,-0.270437255701331
86.05,-0.237975660746211
86.06,-0.194476803699685
86.07,-0.141693516774206
86.08,-0.0818686324496091
86.09,-0.0175727661096407
86.1,0.0484364394625185
86.11,0.11333589321133
86.12,0.174363070443121
86.13,0.228964161582379
86.14,0.274953247506241
86.15,0.310663702004885
86.16,0.335083895273801
86.17,0.34795550983031
86.18,0.349786420412082
86.19,0.341740508272665
86.2,0.325420575859361
86.21,0.302621552718897
86.22,0.275150686612182
86.23,0.244763371580176
86.24,0.213181476853971
86.25,0.182110612911844
86.26,0.153190777910706
86.27,0.127882742251333
86.28,0.107346825240668
86.29,0.0923672082242782
86.3,0.0833305069450635
86.31,0.0802302214078016
86.32,0.082676279671033
86.33,0.0899242741562831
86.34,0.100949454844128
86.35,0.114568057925457
86.36,0.129582437263713
86.37,0.144909615331055
86.38,0.159650801220785
86.39,0.173080967136226
86.4,0.184578966867624
86.41,0.193549070101184
86.42,0.199371719626283
86.43,0.201389232422965
86.44,0.198927602356392
86.45,0.19136758929713
86.46,0.178266340459315
86.47,0.159492869342847
86.48,0.135322712204022
86.49,0.106469023680015
86.5,0.0740668893855555
86.51,0.0396235104936879
86.52,0.00492700142097799
86.53,-0.0280787111031256
86.54,-0.057429809496632
86.55,-0.0812940807296984
86.56,-0.0981589529715397
86.57,-0.107035428284884
86.58,-0.107610570871843
86.59,-0.10029215315599
86.6,-0.0861527719560401
86.61,-0.0668261284595437
86.62,-0.044385423488777
86.63,-0.0211922711996667
86.64,0.000296068442631795
86.65,0.0177504064050387
86.66,0.0292017729497646
86.67,0.0332571403561748
86.68,0.0292640351288743
86.69,0.0173853925221093
86.7,-0.00142227716791182
86.71,-0.0255032395386944
86.72,-0.0526598252216304
86.73,-0.0803734391536739
86.74,-0.106066781958771
86.75,-0.127379255125631
86.76,-0.142432901841533
86.77,-0.150040261601876
86.78,-0.149800025398104
86.79,-0.142082657967436
86.8,-0.127943885482709
86.81,-0.108977529894675
86.82,-0.0871127779500932
86.83,-0.0643928698544683
86.84,-0.0427702429472156
86.85,-0.0239278783223565
86.86,-0.00914833140043305
86.87,0.000733836337868923
86.88,0.00530473124330677
86.89,0.00452881623802161
86.9,-0.0012710334459818
86.91,-0.0114256198982785
86.92,-0.0249395329739215
86.93,-0.0405199001529442
86.94,-0.0566290321804236
86.95,-0.0715859593613306
86.96,-0.0837248941657016
86.97,-0.091588729061013
86.98,-0.0941018188301419
86.99,-0.0906664336494629
87,-0.0811826907043776
87.01,-0.0660374360183127
87.02,-0.0460869666611537
87.03,-0.0226096471823997
87.04,0.00280939447795177
87.05,0.0284659971578835
87.06,0.0527511655376492
87.07,0.074319445626401
87.08,0.0921670728749373
87.09,0.105633871063618
87.1,0.114364606177952
87.11,0.118247356294744
87.12,0.117344973798328
87.13,0.111841060631594
87.14,0.102002779118326
87.15,0.0881626611560746
87.16,0.0707502706721494
87.17,0.0503887768467104
87.18,0.0280058982237571
87.19,0.00488236625910508
87.2,-0.017395799486575
87.21,-0.0370650438657287
87.22,-0.0523640840826542
87.23,-0.0617437250948459
87.24,-0.0640772416124287
87.25,-0.058823770357076
87.26,-0.0460953583284067
87.27,-0.026617684559283
87.28,-0.00162953918882171
87.29,0.0272341589278096
87.3,0.0580818727847512
87.31,0.0889486695189413
87.32,0.118008636807289
87.33,0.143769351237544
87.34,0.165194674296317
87.35,0.18172717636698
87.36,0.193232379845621
87.37,0.199922539941931
87.38,0.202303145480026
87.39,0.201137589261568
87.4,0.197399825098616
87.41,0.192205751266687
87.42,0.186733589738537
87.43,0.182130231220717
87.44,0.179403797352095
87.45,0.179339638093666
87.46,0.182477418100503
87.47,0.189128504111706
87.48,0.199374415596196
87.49,0.213020081308273
87.5,0.22953322715111
87.51,0.248022686618813
87.52,0.267285928324357
87.53,0.285915200450146
87.54,0.302426767848028
87.55,0.315384127451592
87.56,0.323511182383952
87.57,0.325810428634451
87.58,0.321686819450054
87.59,0.311043606807027
87.6,0.294316844604492
87.61,0.272454026731965
87.62,0.246857640041315
87.63,0.219286213454687
87.64,0.191688261737978
87.65,0.165968047824698
87.66,0.143722737712427
87.67,0.126025502227365
87.68,0.113328815353554
87.69,0.105507038732768
87.7,0.101988427414997
87.71,0.10190510250159
87.72,0.104224445150573
87.73,0.107865281748802
87.74,0.111797865720963
87.75,0.115103529923139
87.76,0.116989175122616
87.77,0.116793088642635
87.78,0.114009824148025
87.79,0.108324438945363
87.8,0.0996488499804366
87.81,0.0881711944595559
87.82,0.0744118094510338
87.83,0.0592502241461625
87.84,0.0438888806662049
87.85,0.0297505489378075
87.86,0.0183329919358931
87.87,0.0110351466986528
87.88,0.0089479863453452
87.89,0.0126263986755268
87.9,0.0219107464608762
87.91,0.0358756495250695
87.92,0.0529343076651642
87.93,0.0710664018850411
87.94,0.0881090547252487
87.95,0.102059706829041
87.96,0.111346228547688
87.97,0.115008553075653
87.98,0.112758200679425
87.99,0.104932214499427
88,0.0923753101995863
88.01,0.076281801351167
88.02,0.0580381638436517
88.03,0.0390980692988528
88.04,0.0208852828103104
88.05,0.00469514544619465
88.06,-0.00842279482719442
88.07,-0.0177824861787798
88.08,-0.023131674552961
88.09,-0.0246357114133493
88.1,-0.0227849189255287
88.11,-0.0182718172398478
88.12,-0.0118687260036339
88.13,-0.00431252285752609
88.14,0.00378965676238782
88.15,0.0120065768215199
88.16,0.0200557748392483
88.17,0.0276999152288119
88.18,0.0346055838690128
88.19,0.0402370282089078
88.2,0.0438428626905415
88.21,0.0445398841791415
88.22,0.0414594679149543
88.23,0.0339228886261831
88.24,0.0216118045381644
88.25,0.00468180558139689
88.26,-0.0162197797042011
88.27,-0.0400185029853426
88.28,-0.0653144345708562
88.29,-0.0904804872120316
88.3,-0.113738114903836
88.31,-0.133221276571813
88.32,-0.147063601461003
88.33,-0.153542666792216
88.34,-0.151286525041032
88.35,-0.139502841025753
88.36,-0.11816758659502
88.37,-0.0881295736713952
88.38,-0.0511150270920791
88.39,-0.00962269922591828
88.4,0.0333000504823073
88.41,0.0743926385926457
88.42,0.110585306598455
88.43,0.139392326173544
88.44,0.159201441667362
88.45,0.169400992063757
88.46,0.170352870630107
88.47,0.16325420534474
88.48,0.149915571419739
88.49,0.132483309207142
88.5,0.113161904834525
88.51,0.0939841170918351
88.52,0.0766342794244558
88.53,0.0623136796735279
88.54,0.0516467983848409
88.55,0.0446442549346275
88.56,0.0407563168341864
88.57,0.0390325076881497
88.58,0.0383435800669635
88.59,0.0375965697285229
88.6,0.0359078331318944
88.61,0.0327229843681379
88.62,0.0278652032068942
88.63,0.0215053489095601
88.64,0.0140803104178663
88.65,0.00620087534310892
88.66,-0.00142701986495938
88.67,-0.00808094813147053
88.68,-0.0131213866073888
88.69,-0.0160870195960531
88.7,-0.0167356703969483
88.71,-0.0150247026647948
88.72,-0.0110733147216368
88.73,-0.00514301426079397
88.74,0.00236498358593766
88.75,0.0109211956013571
88.76,0.019908894766308
88.77,0.0286958120843551
88.78,0.0367243085703127
88.79,0.0436019827280783
88.8,0.0491714334667016
88.81,0.0535381121585798
88.82,0.0570414862704676
88.83,0.0601694369900219
88.84,0.0634376080625985
88.85,0.0672779766746368
88.86,0.0719774627504282
88.87,0.0776642845443664
88.88,0.084306574820685
88.89,0.0917015497984861
88.9,0.0994649567324047
88.91,0.107054428755527
88.92,0.113866657911063
88.93,0.119412680227453
88.94,0.123506445757882
88.95,0.126362968362856
88.96,0.128544589082019
88.97,0.130789213784038
88.98,0.133816626271916
88.99,0.138192089843116
89,0.14427058074632
89.01,0.152196475000369
89.02,0.161910662514004
89.03,0.173144304598282
89.04,0.18542501953625
89.05,0.198112781312949
89.06,0.210445272992033
89.07,0.221580049808436
89.08,0.23064359014984
89.09,0.236787580482345
89.1,0.239245390987722
89.11,0.23738814089278
89.12,0.230768070336146
89.13,0.219133050108796
89.14,0.202425501211141
89.15,0.180786265450242
89.16,0.154550118572862
89.17,0.124218513674141
89.18,0.0904383525485162
89.19,0.0540151636823443
89.2,0.0159330999094136
89.21,-0.0226622573472865
89.22,-0.0605202903121998
89.23,-0.0963666020311641
89.24,-0.12901019953787
89.25,-0.157455352760273
89.26,-0.18096666116715
89.27,-0.199072087709387
89.28,-0.211542180745936
89.29,-0.218370630167359
89.3,-0.219738120777483
89.31,-0.215943196046574
89.32,-0.207319332076321
89.33,-0.194180623725651
89.34,-0.176839050579112
89.35,-0.155708732185449
89.36,-0.131455407511918
89.37,-0.105103802417256
89.38,-0.0780326273707245
89.39,-0.0518589431161029
89.4,-0.0282700786756699
89.41,-0.00885184990396931
89.42,0.00507987947969764
89.43,0.0126488071101813
89.44,0.0135687356853663
89.45,0.00823084124860658
89.46,-0.00231862582502874
89.47,-0.0165319754922209
89.48,-0.0326185363556409
89.49,-0.0488365727390097
89.5,-0.0637361783083418
89.51,-0.0762981297271558
89.52,-0.0859570507782768
89.53,-0.0925253941522047
89.54,-0.0960517767965919
89.55,-0.0966691704753732
89.56,-0.0944898946925657
89.57,-0.0895700551996849
89.58,-0.0819321478141038
89.59,-0.0716240480134555
89.6,-0.0587826756614559
89.61,-0.0436568893330155
89.62,-0.0265674498854156
89.63,-0.00784301579016015
89.64,0.0121987284136882
89.65,0.0331961546190791
89.66,0.0546482926828812
89.67,0.0758309185023168
89.68,0.095760303076511
89.69,0.113229407157078
89.7,0.126923647906126
89.71,0.135585012052157
89.72,0.138172368168153
89.73,0.133991719473203
89.74,0.122797293826762
89.75,0.104845948684217
89.76,0.0808700980511814
89.77,0.0519724151570176
89.78,0.0194972319507955
89.79,-0.0150628919744085
89.8,-0.0501135458918954
89.81,-0.0840024783200726
89.82,-0.11511792003445
89.83,-0.142043879132092
89.84,-0.163711093210227
89.85,-0.179484002717975
89.86,-0.189179034225456
89.87,-0.193040597089186
89.88,-0.191689574460741
89.89,-0.186045983171353
89.9,-0.177229461029501
89.91,-0.166448740621318
89.92,-0.154896877847773
89.93,-0.143666780293186
89.94,-0.133693950491538
89.95,-0.125721103369587
89.96,-0.120262912157776
89.97,-0.117556204978552
89.98,-0.117524567217821
89.99,-0.119812659460684
90,-0.12391103042222
90.01,-0.129336735228191
90.02,-0.135804068496283
90.03,-0.143319671345792
90.04,-0.152175998468215
90.05,-0.162869260437171
90.06,-0.175976672623108
90.07,-0.192005428568622
90.08,-0.211224231397745
90.09,-0.233514278102666
90.1,-0.258289701333098
90.11,-0.284509987657009
90.12,-0.310776889519857
90.13,-0.335502967407995
90.14,-0.357118900036654
90.15,-0.374256910162674
90.16,-0.385857387062188
90.17,-0.391183879695404
90.18,-0.38977260888148
90.19,-0.381380066759115
90.2,-0.365987458197151
90.21,-0.343862789250529
90.22,-0.31563389934576
90.23,-0.28232445500462
90.24,-0.245320953036123
90.25,-0.20626730003633
90.26,-0.166931291913096
90.27,-0.129103409879476
90.28,-0.0945450197330959
90.29,-0.0649552380424081
90.3,-0.0419137857616285
90.31,-0.0267719308642467
90.32,-0.0204997204948546
90.33,-0.0235355178822292
90.34,-0.0356800232992309
90.35,-0.0560384887093588
90.36,-0.0830022344869951
90.37,-0.114290143894691
90.38,-0.147088601926751
90.39,-0.178296308458882
90.4,-0.20483534158037
90.41,-0.223979548129444
90.42,-0.233663817816722
90.43,-0.232745064541303
90.44,-0.221183065264642
90.45,-0.20009933557328
90.46,-0.171677875910326
90.47,-0.13891400779957
90.48,-0.105263528861122
90.49,-0.0742467276712314
90.5,-0.0490346313461715
90.51,-0.0320484985756015
90.52,-0.024645827944002
90.53,-0.0269738136074505
90.54,-0.0380128881049602
90.55,-0.0557781492743928
90.56,-0.0776373365870382
90.57,-0.100698607110749
90.58,-0.122200343247953
90.59,-0.139829519679502
90.6,-0.151921005682286
90.61,-0.157541307088857
90.62,-0.156501202788005
90.63,-0.14932713939377
90.64,-0.137178723818203
90.65,-0.121697302263779
90.66,-0.104808170061111
90.67,-0.0885210106606921
90.68,-0.0747474640571638
90.69,-0.0651119875299693
90.7,-0.0607362979362383
90.71,-0.0620344470934678
90.72,-0.068600864723005
90.73,-0.0792573065944861
90.74,-0.0922518756625402
90.75,-0.105532197280853
90.76,-0.117009245928814
90.77,-0.124779358443355
90.78,-0.127312410772323
90.79,-0.123607602500879
90.8,-0.113294564872835
90.81,-0.0966613743656911
90.82,-0.0746160411165975
90.83,-0.0485907007846578
90.84,-0.0203776435353649
90.85,0.00810337364013859
90.86,0.0350585535060683
90.87,0.0590279198027415
90.88,0.0790170924085967
90.89,0.0945484772914479
90.9,0.10562706412051
90.91,0.112639898424934
90.92,0.116234566766453
90.93,0.117202673612569
90.94,0.116365655510369
90.95,0.11445490958188
90.96,0.111990416550909
90.97,0.10919478578532
90.98,0.105993686157258
90.99,0.102108444279758
91,0.0971979351117038
91.01,0.0910045826129591
91.02,0.0834650746582074
91.03,0.0747505099733467
91.04,0.0652352452165573
91.05,0.0554339849877025
91.06,0.0459537695713787
91.07,0.0374825578661313
91.08,0.0307940748331136
91.09,0.0267237256535862
91.1,0.0260878859928061
91.11,0.0295532569651203
91.12,0.0374903565057218
91.13,0.0498629177911822
91.14,0.0661879735915317
91.15,0.085551490870598
91.16,0.106648260177397
91.17,0.127851435788445
91.18,0.147334363895338
91.19,0.163238668413808
91.2,0.17386691341333
91.21,0.177886194579311
91.22,0.174512517624712
91.23,0.16362219327924
91.24,0.145756369911249
91.25,0.122025761588877
91.26,0.0939485383105761
91.27,0.0632702895497377
91.28,0.0318147188501664
91.29,0.00139078401686153
91.3,-0.0262502015439573
91.31,-0.0494463712416135
91.32,-0.0666949187417826
91.33,-0.0767769342777184
91.34,-0.0789109524793196
91.35,-0.0728864009201668
91.36,-0.0591248930645157
91.37,-0.0386364409529486
91.38,-0.0128838336167789
91.39,0.0163979401819591
91.4,0.047382258356173
91.41,0.0782992216735049
91.42,0.107540593863331
91.43,0.133738681712373
91.44,0.15584172157361
91.45,0.173185883680979
91.46,0.185540906307961
91.47,0.193101196344375
91.48,0.196411537353406
91.49,0.19624597240291
91.5,0.1934769166186
91.51,0.188967042118497
91.52,0.183502031471686
91.53,0.177767674709404
91.54,0.172353692426729
91.55,0.167755012021623
91.56,0.164357103018793
91.57,0.162412476989609
91.58,0.162026806227964
91.59,0.163177967503136
91.6,0.165772942771173
91.61,0.16971971715687
91.62,0.174990769305692
91.63,0.181671733242823
91.64,0.189991015637002
91.65,0.20031017987469
91.66,0.213047962332128
91.67,0.228536573027172
91.68,0.246849487638995
91.69,0.267653920655679
91.7,0.290127195925109
91.71,0.312964175115346
91.72,0.334487458843521
91.73,0.352839456870622
91.74,0.366211037837712
91.75,0.373063253458568
91.76,0.372312886578194
91.77,0.363462787440739
91.78,0.346658278633764
91.79,0.322655195650737
91.8,0.292704993414109
91.81,0.258378461477186
91.82,0.221354902765132
91.83,0.183218859312739
91.84,0.145318003854185
91.85,0.108713628334494
91.86,0.0742150139959112
91.87,0.042460086871977
91.88,0.0139969684860828
91.89,-0.010667022062345
91.9,-0.0310670622443764
91.91,-0.0468335465527282
91.92,-0.0577640748486406
91.93,-0.0638750340044108
91.94,-0.0654325887740299
91.95,-0.0629781967747018
91.96,-0.0573233428701674
91.97,-0.0494751886782423
91.98,-0.0405073438230384
91.99,-0.031436313299313
92,-0.0231476913664989
92.01,-0.0163680045952644
92.02,-0.0116603603363138
92.03,-0.0094401423553223
92.04,-0.0100140473131575
92.05,-0.0136279097446501
92.06,-0.0204944897006385
92.07,-0.030778858141521
92.08,-0.0445489743798647
92.09,-0.0617310239295052
92.1,-0.082098983621922
92.11,-0.105285278516711
92.12,-0.130781888336707
92.13,-0.157919451974329
92.14,-0.185832978265178
92.15,-0.213431254821787
92.16,-0.239391579544335
92.17,-0.262207512425022
92.18,-0.280303445202332
92.19,-0.292184795651171
92.2,-0.296571486078965
92.21,-0.292507651628261
92.22,-0.279479783172143
92.23,-0.257536589927222
92.24,-0.227358555960936
92.25,-0.190255241833363
92.26,-0.148111596137587
92.27,-0.103287315318214
92.28,-0.058444850450163
92.29,-0.016303523502177
92.3,0.0206390256090805
92.31,0.0503572662440851
92.32,0.0714653795251469
92.33,0.083273238858631
92.34,0.0857497951849795
92.35,0.0794519005779903
92.36,0.0654613946130094
92.37,0.0453271523074483
92.38,0.020988475743145
92.39,-0.00534044565835339
92.4,-0.031328031505228
92.41,-0.0546974372129706
92.42,-0.0733869905531444
92.43,-0.0857032401017394
92.44,-0.0904638773623854
92.45,-0.0870957428413281
92.46,-0.07566135727326
92.47,-0.0568211562974625
92.48,-0.031750959259564
92.49,-0.00202816225865938
92.5,0.0305077533522983
92.51,0.0639196996521654
92.52,0.09635063023204
92.53,0.126181722362464
92.54,0.15214420334296
92.55,0.173378375460727
92.56,0.18942629368388
92.57,0.20015002207427
92.58,0.205622699572434
92.59,0.206059264767162
92.6,0.201786416906185
92.61,0.193201018401139
92.62,0.180713012728184
92.63,0.164729663221269
92.64,0.145705910189329
92.65,0.124207313319931
92.66,0.100926799651225
92.67,0.0766554776678769
92.68,0.0522310206061483
92.69,0.0284664510350619
92.7,0.00605808671619026
92.71,-0.0145080404193643
92.72,-0.0330139416935816
92.73,-0.0494950421890307
92.74,-0.0641420114767234
92.75,-0.0771448608687945
92.76,-0.0885357868334976
92.77,-0.0981025388643379
92.78,-0.105423257486807
92.79,-0.110009013021607
92.8,-0.111478009368063
92.81,-0.109683061902551
92.82,-0.104764091766754
92.83,-0.0971399364647152
92.84,-0.0874639534286154
92.85,-0.0765650298341673
92.86,-0.0653842532483191
92.87,-0.0548995289625949
92.88,-0.0460284075700838
92.89,-0.0395243803135771
92.9,-0.0359096314427805
92.91,-0.0354784740722777
92.92,-0.0383602895395236
92.93,-0.0445950204589467
92.94,-0.0541746511835922
92.95,-0.0670219848401666
92.96,-0.0829003700010809
92.97,-0.101291108344356
92.98,-0.121318917088538
92.99,-0.141784925695751
93,-0.16129670953176
93.01,-0.178448265698049
93.02,-0.192001925465145
93.03,-0.201025509559827
93.04,-0.20495695690184
93.05,-0.203599988421587
93.06,-0.197071228909892
93.07,-0.185725406417473
93.08,-0.170084525030466
93.09,-0.150792854863756
93.1,-0.128619523370563
93.11,-0.104511199125384
93.12,-0.0796479064669014
93.13,-0.0554290673445113
93.14,-0.0333633856623514
93.15,-0.0149070340239584
93.16,-0.00130925509261888
93.17,0.00650905253806864
93.18,0.0080466037682434
93.19,0.00328922979358883
93.2,-0.00726006459404609
93.21,-0.0226179548974081
93.22,-0.0414325048422756
93.23,-0.0621378955901773
93.24,-0.0831084149933614
93.25,-0.102793657252481
93.26,-0.119835287767151
93.27,-0.133149138993833
93.28,-0.141951085414394
93.29,-0.145734796378572
93.3,-0.144231493773802
93.31,-0.13737667436864
93.32,-0.125290215013492
93.33,-0.108261590426524
93.34,-0.0867374447125773
93.35,-0.0613142604904505
93.36,-0.0327221402389756
93.37,-0.00178584330349363
93.38,0.0306177454017934
93.39,0.0635811633859623
93.4,0.0961757293618487
93.41,0.127465113436105
93.42,0.156519293261951
93.43,0.182426298037799
93.44,0.204314200800791
93.45,0.221402596704511
93.46,0.233097249215528
93.47,0.23910577325241
93.48,0.239517913833449
93.49,0.234820514043773
93.5,0.225862887212571
93.51,0.213784391787342
93.52,0.199903258826694
93.53,0.185590659139432
93.54,0.172164677602233
93.55,0.160802522192939
93.56,0.152443837790449
93.57,0.147681305177113
93.58,0.146671085567793
93.59,0.149111160090127
93.6,0.154318759109594
93.61,0.161382085941951
93.62,0.169314838419512
93.63,0.177165717076151
93.64,0.184087236919749
93.65,0.189380571495255
93.66,0.192523539854107
93.67,0.193188799530359
93.68,0.191256107757302
93.69,0.186805569332208
93.7,0.180072846383623
93.71,0.171381763750191
93.72,0.161108591138156
93.73,0.149700854922613
93.74,0.137695008568669
93.75,0.12566859646074
93.76,0.114142473113924
93.77,0.103498290093475
93.78,0.0939454982658695
93.79,0.0855365261089497
93.8,0.0782220603998931
93.81,0.0719222746653517
93.82,0.0665703286428291
93.83,0.0621068063602939
93.84,0.0584563394891912
93.85,0.0555329452822248
93.86,0.0532763830754509
93.87,0.0516745849494283
93.88,0.0507330023880151
93.89,0.0503979315703794
93.9,0.0504753943107956
93.91,0.0505944028355473
93.92,0.0502505559194237
93.93,0.0489253477845837
93.94,0.0462354258695436
93.95,0.0420606426704723
93.96,0.0366168812034494
93.97,0.0304642714967565
93.98,0.0244607067757356
93.99,0.0196689439284999
94,0.0172259677366311
94.01,0.0181917879651601
94.02,0.0233872465322911
94.03,0.0332315559416473
94.04,0.0476164249296818
94.05,0.0658542893086485
94.06,0.0867050268541782
94.07,0.108473172165281
94.08,0.12918103225514
94.09,0.146810418048287
94.1,0.159556464420757
94.11,0.166017992808587
94.12,0.165301706372187
94.13,0.157073006108197
94.14,0.141570974020966
94.15,0.119561686264288
94.16,0.0922101198530073
94.17,0.0609005382596777
94.18,0.0270714010192932
94.19,-0.00787910508376592
94.2,-0.0426104715962624
94.21,-0.0758197835766152
94.22,-0.106224267552447
94.23,-0.132562463873344
94.24,-0.1536190602321
94.25,-0.168269810875758
94.26,-0.175538565228529
94.27,-0.1746811717108
94.28,-0.165322484860225
94.29,-0.147630324457641
94.3,-0.122460424137796
94.31,-0.0914042652142708
94.32,-0.0567004650610349
94.33,-0.0210098149229349
94.34,0.0128914716472102
94.35,0.0424093657024018
94.36,0.0653503197110948
94.37,0.0800448720848089
94.38,0.0853994628072771
94.39,0.080905180540836
94.4,0.0666314343544685
94.41,0.0432354125578002
94.42,0.0119931122836152
94.43,-0.0251876415264117
94.44,-0.0658271551431699
94.45,-0.107039795780532
94.46,-0.145793319189535
94.47,-0.179200453168862
94.48,-0.204782449428094
94.49,-0.220689835050572
94.5,-0.225875883155602
94.51,-0.220182416361917
94.52,-0.204295965340961
94.53,-0.179591991005451
94.54,-0.147933526625296
94.55,-0.111474165091932
94.56,-0.0724698259469027
94.57,-0.033092239015473
94.58,0.0047306227384618
94.59,0.0393992277499441
94.6,0.0696383961147687
94.61,0.0944461731711711
94.62,0.113050583136475
94.63,0.124907655648627
94.64,0.129749284907637
94.65,0.127653066948582
94.66,0.119076106026194
94.67,0.104821949422173
94.68,0.0859740054004805
94.69,0.0638416102187042
94.7,0.0399110309382676
94.71,0.0157636626045906
94.72,-0.00703718377671471
94.73,-0.027050640575846
94.74,-0.0430295751357934
94.75,-0.0539707231073148
94.76,-0.0591700230939858
94.77,-0.0582943278280681
94.78,-0.0514452171271828
94.79,-0.0391775751719626
94.8,-0.0224689206691911
94.81,-0.00266053302007086
94.82,0.0186244488967738
94.83,0.0395874728134991
94.84,0.0583737083491095
94.85,0.0732024100741112
94.86,0.0825165413061159
94.87,0.08512331809616
94.88,0.080269722207846
94.89,0.0676400304680863
94.9,0.0473271295097841
94.91,0.0198377158397069
94.92,-0.0138642131365302
94.93,-0.05233318137747
94.94,-0.0936914774031854
94.95,-0.135744218705737
94.96,-0.176124692164686
94.97,-0.212463058385774
94.98,-0.242579972176871
94.99,-0.264675642298833
95,-0.277471718906448
95.01,-0.280291568498973
95.02,-0.273103576658345
95.03,-0.256552862712126
95.04,-0.231959985904775
95.05,-0.201239066585618
95.06,-0.166729768526984
95.07,-0.130987606866784
95.08,-0.0965683328213427
95.09,-0.0658115074864906
95.1,-0.0406365711302108
95.11,-0.0223899302790797
95.12,-0.0117697742499962
95.13,-0.00881381046247428
95.14,-0.0129198570258356
95.15,-0.0228979200424023
95.16,-0.0370724200401734
95.17,-0.0534270183324561
95.18,-0.0697622850425598
95.19,-0.0838639329614983
95.2,-0.0936994455804186
95.21,-0.0976235762557985
95.22,-0.0945369526775163
95.23,-0.0839547676668218
95.24,-0.0659713324392594
95.25,-0.0411438632984684
95.26,-0.0103668870248935
95.27,0.0252021060583964
95.28,0.0641804087854836
95.29,0.105006444652044
95.3,0.146004606928318
95.31,0.185461117124363
95.32,0.221716035187352
95.33,0.253277666693696
95.34,0.278951614292413
95.35,0.297962072477007
95.36,0.310038809328486
95.37,0.315442940396323
95.38,0.314899005338259
95.39,0.309423698543244
95.4,0.300102620343766
95.41,0.287891016468162
95.42,0.273470144284259
95.43,0.257157311417092
95.44,0.238888130182529
95.45,0.218298317267193
95.46,0.194885457734679
95.47,0.168183146998039
95.48,0.137891558909812
95.49,0.103963486588515
95.5,0.0666755602034591
95.51,0.0266804084585285
95.52,-0.0150048833128556
95.53,-0.0570828030830318
95.54,-0.0980726974241773
95.55,-0.136366761791664
95.56,-0.170263056502484
95.57,-0.198043529611406
95.58,-0.218136622495964
95.59,-0.2293328730053
95.6,-0.230987954433395
95.61,-0.223168966201589
95.62,-0.206725373004733
95.63,-0.183270279071727
95.64,-0.155055389981637
95.65,-0.124734035402734
95.66,-0.095042155775421
95.67,-0.0684655374227353
95.68,-0.0469709181325889
95.69,-0.0318548256613907
95.7,-0.0237180612084392
95.71,-0.02252865692816
95.72,-0.0277217952772965
95.73,-0.038306646300863
95.74,-0.0529862203286188
95.75,-0.0703109747930065
95.76,-0.0888532411945772
95.77,-0.107339936968806
95.78,-0.124680682174899
95.79,-0.139889689835713
95.8,-0.151973657895237
95.81,-0.159884788054825
95.82,-0.162592895673698
95.83,-0.159250531701733
95.84,-0.149374416769643
95.85,-0.132969119747455
95.86,-0.110554021276863
95.87,-0.0830925499282582
95.88,-0.0518469515982546
95.89,-0.0181991261543968
95.9,0.0165078756097777
95.91,0.0510607150233255
95.92,0.0843828435882006
95.93,0.115475556458813
95.94,0.143338078247735
95.95,0.166920909489861
95.96,0.185141915794201
95.97,0.196949603778887
95.98,0.201398093715295
95.99,0.197719514989503
96,0.185394923213048
96.01,0.164211991683161
96.02,0.134302230557603
96.03,0.0961774863034502
96.04,0.0507761271424236
96.05,-0.000514737494974212
96.06,-0.0558984004920739
96.07,-0.113260342543854
96.08,-0.170282536100248
96.09,-0.224571335293607
96.1,-0.273801154305663
96.11,-0.31586874666678
96.12,-0.349051703721821
96.13,-0.372152815775558
96.14,-0.384580311281047
96.15,-0.386318919508998
96.16,-0.377817980774201
96.17,-0.359884932975641
96.18,-0.333642990602149
96.19,-0.300527060273618
96.2,-0.262255109094636
96.21,-0.22074576231275
96.22,-0.177997808811392
96.23,-0.135961935563291
96.24,-0.0964181207454429
96.25,-0.0608546477500871
96.26,-0.0303562155792952
96.27,-0.00552541991940652
96.28,0.0135459716900475
96.29,0.027248562522431
96.3,0.036357849156375
96.31,0.0418717827917752
96.32,0.044822960702792
96.33,0.0461123761089655
96.34,0.0463908825613499
96.35,0.0460126837585046
96.36,0.0450969699745178
96.37,0.043697254786859
96.38,0.0420033733044779
96.39,0.0404810415651487
96.4,0.0399040736786947
96.41,0.0412865061140562
96.42,0.0457433890408839
96.43,0.0543069132187435
96.44,0.0677195084167799
96.45,0.0862432620891038
96.46,0.109541776625979
96.47,0.13666352800697
96.48,0.166118295710898
96.49,0.196031167928513
96.5,0.224348389465076
96.51,0.249053655829504
96.52,0.268368180974305
96.53,0.28092175738054
96.54,0.285872175535875
96.55,0.282952649830922
96.56,0.272444955824328
96.57,0.255093603308745
96.58,0.231989791217836
96.59,0.204448063603706
96.6,0.173885348014986
96.61,0.141716056832621
96.62,0.109274918453919
96.63,0.0777588944962901
96.64,0.0481763879988424
96.65,0.02130685069397
96.66,-0.00232231269995926
96.67,-0.0224305130736424
96.68,-0.038933207864845
96.69,-0.0518552903517039
96.7,-0.0612550600951646
96.71,-0.0671908811412092
96.72,-0.0697229870143357
96.73,-0.0689357996023172
96.74,-0.0649701167698765
96.75,-0.0580484255798779
96.76,-0.0484893587850155
96.77,-0.0367217782618802
96.78,-0.0232871542911301
96.79,-0.00879568752428919
96.8,0.00617537004075647
96.81,0.0212021650511803
96.82,0.0360895985306366
96.83,0.0508584629273179
96.84,0.065639924251399
96.85,0.08051145858572
96.86,0.0953399500383442
96.87,0.109690665337364
96.88,0.122820611532859
96.89,0.133752795706513
96.9,0.141424882625682
96.91,0.144886385732385
96.92,0.143489421380403
96.93,0.137012343028489
96.94,0.125688817820268
96.95,0.11016542538497
96.96,0.0914273368226902
96.97,0.0706981497970428
96.98,0.0492939446042482
96.99,0.0284410497274933
97,0.00911122401233509
97.01,-0.00807734654787889
97.02,-0.0228838654914945
97.03,-0.0354013504322156
97.04,-0.0459561650097111
97.05,-0.0549772690129986
97.06,-0.0628711113949574
97.07,-0.0699280664512324
97.08,-0.0762738899231058
97.09,-0.0818701221286714
97.1,-0.0865594040185261
97.11,-0.0901478089627346
97.12,-0.0925101941880263
97.13,-0.0936834222355987
97.14,-0.093895544638584
97.15,-0.0935146177954158
97.16,-0.0929625731510314
97.17,-0.092641110376061
97.18,-0.0928688238358607
97.19,-0.0938129656363104
97.2,-0.0954222280814001
97.21,-0.0973907066434445
97.22,-0.0991890708556552
97.23,-0.100167884069981
97.24,-0.099689211463188
97.25,-0.0972355712213459
97.26,-0.0924750362768604
97.27,-0.0852795113229465
97.28,-0.0757050419080288
97.29,-0.0639605923704047
97.3,-0.0503869782340717
97.31,-0.0354387264331727
97.32,-0.0196502934862236
97.33,-0.00358253124519317
97.34,0.0122487312657172
97.35,0.0274586160927387
97.36,0.0418667066219961
97.37,0.055513047979832
97.38,0.0685971584361577
97.39,0.0813665848560961
97.4,0.093994963264284
97.41,0.106467131384713
97.42,0.118479801465821
97.43,0.129389075123329
97.44,0.138253126279293
97.45,0.143994956623357
97.46,0.145650964732142
97.47,0.142622838245984
97.48,0.134853403513893
97.49,0.12288070837367
97.5,0.107764125525919
97.51,0.0909234867197943
97.52,0.0739473120766724
97.53,0.0583870058140519
97.54,0.0455323867861084
97.55,0.0361977357319162
97.56,0.0305769950602053
97.57,0.0282174777323019
97.58,0.0281270948455798
97.59,0.0289814469545032
97.6,0.0293682512057583
97.61,0.0280163739907233
97.62,0.0239696888276842
97.63,0.0166769629282403
97.64,0.00599802794084497
97.65,-0.00785002832262162
97.66,-0.0243805202717694
97.67,-0.0429333242423696
97.68,-0.0627589775221184
97.69,-0.0830840748935182
97.7,-0.103155440045054
97.71,-0.122254148376424
97.72,-0.139678879221931
97.73,-0.15472222463976
97.74,-0.166673218944181
97.75,-0.174854312913345
97.76,-0.178671782356391
97.77,-0.17766672185806
97.78,-0.171569640549522
97.79,-0.160348029735857
97.8,-0.144235861443704
97.81,-0.123762626625369
97.82,-0.0997905877519361
97.83,-0.0735199013487399
97.84,-0.0464140715584292
97.85,-0.0200459529313938
97.86,0.00409293619468927
97.87,0.0247668422326843
97.88,0.0411149695597424
97.89,0.0527016183458094
97.9,0.0595032892632648
97.91,0.0618475322658099
97.92,0.0603226903166447
97.93,0.0556860076312358
97.94,0.0488030279581923
97.95,0.040630760920751
97.96,0.0322128822194735
97.97,0.0246277809721788
97.98,0.0188584295929205
97.99,0.0156240501516996
98,0.0152578058791746
98.01,0.0176879737024709
98.02,0.0225176307351231
98.03,0.0291527470776415
98.04,0.0369206830769292
98.05,0.0451489212576505
98.06,0.0532089327277575
98.07,0.060540216298654
98.08,0.0666636018391817
98.09,0.0711864770362843
98.1,0.073795698192362
98.11,0.0742357384947235
98.12,0.0722784077488718
98.13,0.0676945739994232
98.14,0.0602417995751899
98.15,0.0496839567400866
98.16,0.0358489807199784
98.17,0.0187093963362445
98.18,-0.00154861392120786
98.19,-0.0244981690818887
98.2,-0.0494925253277436
98.21,-0.0757209359432232
98.22,-0.102278217776702
98.23,-0.128220294923398
98.24,-0.152590165303265
98.25,-0.174426040360008
98.26,-0.192778762340539
98.27,-0.206762364277152
98.28,-0.215645088646256
98.29,-0.218967678246834
98.3,-0.216658277679499
98.31,-0.209105419023756
98.32,-0.197165856723988
98.33,-0.182106067278821
98.34,-0.165476440838137
98.35,-0.148914412444749
98.36,-0.133899210752522
98.37,-0.121525505539864
98.38,-0.112378473254939
98.39,-0.106538869679571
98.4,-0.103658317119499
98.41,-0.103022745255737
98.42,-0.103592606782667
98.43,-0.104071160841607
98.44,-0.103030277227513
98.45,-0.0990714015641817
98.46,-0.0909926464907288
98.47,-0.077944787701739
98.48,-0.05954311559652
98.49,-0.0359026252833883
98.5,-0.00760911243571235
98.51,0.024342288965648
98.52,0.0586396769491635
98.53,0.0937829364015884
98.54,0.128225182210575
98.55,0.160499942222097
98.56,0.189322980046021
98.57,0.213661425837338
98.58,0.232766690083633
98.59,0.246172948600903
98.6,0.253657450540554
98.61,0.255169955613524
98.62,0.2507751288916
98.63,0.240656369763013
98.64,0.225174647165429
98.65,0.204924333802165
98.66,0.180742127848372
98.67,0.153676275161832
98.68,0.124939031908263
98.69,0.0958458388630295
98.7,0.0677475106085768
98.71,0.0419745347967183
98.72,0.0197851400613349
98.73,0.0022817939633041
98.74,-0.00970503519916163
98.75,-0.0157236034547047
98.76,-0.015771691181998
98.77,-0.0103317979845119
98.78,-0.000354352784099094
98.79,0.0128337849169542
98.8,0.0276740188412201
98.81,0.0425155148403249
98.82,0.0557122855132932
98.83,0.0656892113470726
98.84,0.071006775673119
98.85,0.0704407722736116
98.86,0.0630865876107466
98.87,0.0484906776987202
98.88,0.0267841000668026
98.89,-0.00121770078129083
98.9,-0.0339690873187208
98.91,-0.069227344781386
98.92,-0.104194117884983
98.93,-0.13575629099854
98.94,-0.160785168274141
98.95,-0.176460469199282
98.96,-0.180583445096928
98.97,-0.171822616209852
98.98,-0.149847656900011
98.99,-0.115351030621954
99,-0.0699871797033893
99.01,-0.0162610550581889
99.02,0.0426228471239776
99.03,0.10296494208325
99.04,0.160836808715616
99.05,0.212390821140785
99.06,0.2541792712515
99.07,0.283436650547356
99.08,0.298278651173772
99.09,0.297804680252167
99.1,0.282124290698011
99.11,0.252324676189721
99.12,0.210372249405102
99.13,0.158943655215541
99.14,0.101212881674832
99.15,0.0406265660225179
99.16,-0.0193214707819005
99.17,-0.075309127410718
99.18,-0.124388234603295
99.19,-0.164160056786794
99.2,-0.192902986639185
99.21,-0.209633422311718
99.22,-0.214109107085284
99.23,-0.206804586953554
99.24,-0.188879261464099
99.25,-0.162136298407321
99.26,-0.128954323829762
99.27,-0.0921652349638586
99.28,-0.0548636537254124
99.29,-0.0201732316218655
99.3,0.00897858949365697
99.31,0.0300475470472916
99.32,0.0410345261906914
99.33,0.0406504695170938
99.34,0.0284815610269523
99.35,0.005108307362364
99.36,-0.0278788611352233
99.37,-0.0679921712562485
99.38,-0.112059839030612
99.39,-0.15648528101199
99.4,-0.1975239773714
99.41,-0.231589143511718
99.42,-0.255585774546636
99.43,-0.267227318385199
99.44,-0.265268198220875
99.45,-0.249600251109549
99.46,-0.221200142642154
99.47,-0.18195757421108
99.48,-0.134431888043404
99.49,-0.081587375811297
99.5,-0.026557922189223
99.51,0.0275340784765907
99.52,0.0777212990435841
99.53,0.12132646630067
99.54,0.156095161510441
99.55,0.180310952904988
99.56,0.192876804423246
99.57,0.19335877437153
99.58,0.182001744604134
99.59,0.159727818992081
99.6,0.128102180684699
99.61,0.0892285803698297
99.62,0.0455582209554528
99.63,-0.00035986724030369
99.64,-0.0461349343626024
99.65,-0.0897415085497334
99.66,-0.129628630751726
99.67,-0.164711154822844
99.68,-0.194272784935104
99.69,-0.217854410161835
99.7,-0.235199070632802
99.71,-0.246261327616956
99.72,-0.25122726780449
99.73,-0.250508137406635
99.74,-0.244723733533574
99.75,-0.234696289272063
99.76,-0.221451810848916
99.77,-0.206223113987903
99.78,-0.190446822280942
99.79,-0.175728627384448
99.8,-0.16374211583195
99.81,-0.156042571704463
99.82,-0.153817082405692
99.83,-0.157637279975966
99.84,-0.167293425052266
99.85,-0.181753892673198
99.86,-0.199248706435957
99.87,-0.217458829287247
99.88,-0.233790111368436
99.89,-0.245691989400964
99.9,-0.250958111198441
99.91,-0.247951070986083
99.92,-0.23573380565656
99.93,-0.214127005422924
99.94,-0.183706139503038
99.95,-0.145729675601309
99.96,-0.101990708349663
99.97,-0.0546045595838069
99.98,-0.00577545612325668
99.99,0.0423980710052167
100,0.0880503867368979
